pdb_id	s_ch	s_resi	s_ins	s_resn	s_ss8	s_rsa	s_up	s_down	s_phi	s_psi	s_ss3	s_a1	s_a2	s_a3	s_a4	s_a5	t_ch	t_resi	t_ins	t_resn	t_ss8	t_rsa	t_up	t_down	t_phi	t_psi	t_ss3	t_a1	t_a2	t_a3	t_a4	t_a5	Interaction
7mzy	A	907	 	P	H	0.507	3	28	-0.914	-0.739	H	0.189	2.081	-1.628	0.421	-1.392	A	911	 	K	H	0.82	5	12	-1.157	-0.681	H	1.831	-0.561	0.533	-0.277	1.648	HBOND
7mzy	A	907	 	P	H	0.507	3	28	-0.914	-0.739	H	0.189	2.081	-1.628	0.421	-1.392	A	911	 	K	H	0.82	5	12	-1.157	-0.681	H	1.831	-0.561	0.533	-0.277	1.648	VDW
7mzy	A	681	 	V	E	0.211	10	12	-1.947	2.209	H	-1.337	-0.279	-0.544	1.242	-1.262	A	983	 	H	E	0.065	12	13	-2.669	2.93	H	0.336	-0.417	-1.673	-1.474	-0.078	HBOND
7mzy	A	681	 	V	E	0.211	10	12	-1.947	2.209	H	-1.337	-0.279	-0.544	1.242	-1.262	A	983	 	H	E	0.065	12	13	-2.669	2.93	H	0.336	-0.417	-1.673	-1.474	-0.078	VDW
7mzy	B	813	 	E	S	0.438	9	17	-1.64	-0.986	H	1.357	-1.453	1.477	0.113	-0.837	B	908	 	Q	H	0.293	12	15	-1.147	-0.65	H	0.931	-0.179	-3.005	-0.503	-1.853	HBOND
7mzy	A	715	 	G	B	0.214	14	10	-1.121	2.607	H	-0.384	1.652	1.33	1.045	2.064	A	721	 	K	B	0.585	11	17	-1.042	2.23	H	1.831	-0.561	0.533	-0.277	1.648	
7mzy	B	724	 	Q	E	0.005	25	18	-1.618	2.196	H	0.931	-0.179	-3.005	-0.503	-1.853	B	773	 	I	E	0.0	24	27	-2.229	2.042	H	-1.239	-0.547	2.131	0.393	0.816	HBOND
7mzy	A	782	 	A	S	0.028	29	19	-1.141	-0.669	H	-0.591	-1.302	-0.733	1.57	-0.146	A	917	 	T	-	0.0	37	16	-2.206	1.623	H	-0.032	0.326	2.213	0.908	1.313	
7mzy	A	894	 	K	-	0.41	13	40	-1.383	2.673	H	1.831	-0.561	0.533	-0.277	1.648	A	900	 	A	-	0.0	29	23	1.158	0.313	L	-0.591	-1.302	-0.733	1.57	-0.146	
7mzy	B	843	 	G	-	0.0	44	29	-1.516	2.788	H	-0.384	1.652	1.33	1.045	2.064	B	954	 	D	-	0.135	20	37	-1.211	2.774	H	1.05	0.302	-3.656	-0.259	-3.242	VDW
7mzy	B	792	 	K	H	0.537	6	13	-1.163	-0.606	H	1.831	-0.561	0.533	-0.277	1.648	B	795	 	I	H	0.621	6	15	-1.524	-0.12	H	-1.239	-0.547	2.131	0.393	0.816	VDW
7mzy	A	840	 	I	E	0.0	28	29	-2.311	2.111	H	-1.239	-0.547	2.131	0.393	0.816	A	957	 	S	E	0.0	24	27	-1.535	2.967	H	-0.228	1.399	-4.76	0.67	-2.647	
7mzy	B	821	 	G	-	0.0	43	36	-1.266	2.561	H	-0.384	1.652	1.33	1.045	2.064	B	920	 	G	-	0.0	36	30	-1.405	2.619	H	-0.384	1.652	1.33	1.045	2.064	HBOND
7mzy	B	728	 	V	-	0.0	17	11	-1.191	2.184	H	-1.337	-0.279	-0.544	1.242	-1.262	B	766	 	E	-	0.613	3	14	-1.838	2.54	H	1.357	-1.453	1.477	0.113	-0.837	VDW
7mzy	A	695	 	G	-	0.226	26	18	-1.44	3.101	H	-0.384	1.652	1.33	1.045	2.064	A	921	 	F	T	0.02	17	41	-0.854	2.413	H	-1.006	-0.59	1.891	-0.397	0.412	PIHBOND
7mzy	A	695	 	G	-	0.226	26	18	-1.44	3.101	H	-0.384	1.652	1.33	1.045	2.064	A	921	 	F	T	0.02	17	41	-0.854	2.413	H	-1.006	-0.59	1.891	-0.397	0.412	VDW
7mzy	B	929	 	S	S	0.0	17	38	-1.487	-0.625	H	-0.228	1.399	-4.76	0.67	-2.647	B	946	 	N	-	0.14	19	20	-1.552	0.979	H	0.945	0.828	1.299	-0.169	0.933	HBOND
7mzy	B	929	 	S	S	0.0	17	38	-1.487	-0.625	H	-0.228	1.399	-4.76	0.67	-2.647	B	946	 	N	-	0.14	19	20	-1.552	0.979	H	0.945	0.828	1.299	-0.169	0.933	VDW
7mzy	B	873	 	N	-	0.497	9	26	-1.163	2.336	H	0.945	0.828	1.299	-0.169	0.933	B	942	 	A	-	0.066	40	14	-1.721	2.802	H	-0.591	-1.302	-0.733	1.57	-0.146	HBOND
7mzy	B	783	 	C	-	0.052	19	15	-2.258	2.648	H	-1.343	0.465	-0.862	-1.02	-0.255	B	794	 	C	H	0.17	18	15	-1.048	-0.666	H	-1.343	0.465	-0.862	-1.02	-0.255	SSBOND
7mzy	A	791	 	Q	H	0.303	5	18	-1.04	-0.613	H	0.931	-0.179	-3.005	-0.503	-1.853	A	795	 	I	T	0.521	7	10	-1.617	0.143	H	-1.239	-0.547	2.131	0.393	0.816	HBOND
7mzy	B	804	 	E	H	0.103	11	8	-1.091	-0.672	H	1.357	-1.453	1.477	0.113	-0.837	B	808	 	N	H	0.471	12	3	-1.987	-0.174	H	0.945	0.828	1.299	-0.169	0.933	HBOND
7mzy	B	804	 	E	H	0.103	11	8	-1.091	-0.672	H	1.357	-1.453	1.477	0.113	-0.837	B	808	 	N	H	0.471	12	3	-1.987	-0.174	H	0.945	0.828	1.299	-0.169	0.933	VDW
7mzy	A	684	 	L	E	0.433	6	24	-2.072	1.925	H	-1.019	-0.987	-1.505	1.266	-0.912	A	980	 	N	E	0.121	8	24	-2.07	2.177	H	0.945	0.828	1.299	-0.169	0.933	
7mzy	B	742	 	A	-	0.0	15	42	-1.235	2.743	H	-0.591	-1.302	-0.733	1.57	-0.146	B	753	 	R	-	0.101	28	16	-1.409	2.671	H	1.538	-0.055	1.502	0.44	2.897	VDW
7mzy	A	744	 	G	-	0.0	32	25	-1.441	2.815	H	-0.384	1.652	1.33	1.045	2.064	A	847	 	R	-	0.012	22	37	-1.376	2.445	H	1.538	-0.055	1.502	0.44	2.897	HBOND
7mzy	B	847	 	R	-	0.157	21	35	-1.367	2.448	H	1.538	-0.055	1.502	0.44	2.897	B	951	 	D	-	0.387	17	35	-1.192	2.757	H	1.05	0.302	-3.656	-0.259	-3.242	IONIC
7mzy	B	847	 	R	-	0.157	21	35	-1.367	2.448	H	1.538	-0.055	1.502	0.44	2.897	B	951	 	D	-	0.387	17	35	-1.192	2.757	H	1.05	0.302	-3.656	-0.259	-3.242	HBOND
7mzy	B	847	 	R	-	0.157	21	35	-1.367	2.448	H	1.538	-0.055	1.502	0.44	2.897	B	951	 	D	-	0.387	17	35	-1.192	2.757	H	1.05	0.302	-3.656	-0.259	-3.242	VDW
7mzy	A	815	 	A	-	0.009	23	21	-1.252	2.59	H	-0.591	-1.302	-0.733	1.57	-0.146	A	909	 	A	H	0.0	23	11	-1.026	-0.656	H	-0.591	-1.302	-0.733	1.57	-0.146	
7mzy	B	893	 	G	-	0.0	42	23	-1.159	2.459	H	-0.384	1.652	1.33	1.045	2.064	B	924	 	G	-	0.0	39	37	-1.12	2.383	H	-0.384	1.652	1.33	1.045	2.064	
7mzy	B	881	 	G	-	0.0	34	33	-1.319	2.541	H	-0.384	1.652	1.33	1.045	2.064	B	935	 	G	-	0.0	38	37	-1.155	2.871	H	-0.384	1.652	1.33	1.045	2.064	VDW
7mzy	A	816	 	G	-	0.0	21	33	2.247	3.026	L	-0.384	1.652	1.33	1.045	2.064	A	929	 	S	S	0.0	19	39	-1.482	-0.601	H	-0.228	1.399	-4.76	0.67	-2.647	HBOND
7mzy	A	757	 	V	E	0.007	26	29	-2.026	2.847	H	-1.337	-0.279	-0.544	1.242	-1.262	A	842	 	A	-	0.009	28	37	-1.193	2.671	H	-0.591	-1.302	-0.733	1.57	-0.146	HBOND
7mzy	A	920	 	G	-	0.0	37	28	-1.444	2.587	H	-0.384	1.652	1.33	1.045	2.064	A	924	 	G	-	0.0	38	38	-1.167	2.433	H	-0.384	1.652	1.33	1.045	2.064	HBOND
7mzy	A	920	 	G	-	0.0	37	28	-1.444	2.587	H	-0.384	1.652	1.33	1.045	2.064	A	924	 	G	-	0.0	38	38	-1.167	2.433	H	-0.384	1.652	1.33	1.045	2.064	VDW
7mzy	A	840	 	I	E	0.0	28	29	-2.311	2.111	H	-1.239	-0.547	2.131	0.393	0.816	A	958	 	F	E	0.005	27	26	-2.602	2.418	H	-1.006	-0.59	1.891	-0.397	0.412	HBOND
7mzy	B	821	 	G	-	0.0	43	36	-1.266	2.561	H	-0.384	1.652	1.33	1.045	2.064	B	933	 	G	-	0.0	29	43	-1.412	2.627	H	-0.384	1.652	1.33	1.045	2.064	
7mzy	A	824	 	A	-	0.0	31	38	-1.355	2.772	H	-0.591	-1.302	-0.733	1.57	-0.146	A	841	 	A	E	0.0	31	33	-1.944	2.031	H	-0.591	-1.302	-0.733	1.57	-0.146	
7mzy	B	685	 	F	E	0.0	27	15	-1.671	2.338	H	-1.006	-0.59	1.891	-0.397	0.412	B	705	 	Y	T	0.081	17	6	-1.696	0.074	H	0.26	0.83	3.097	-0.838	1.512	
7mzy	A	810	 	S	S	0.054	14	16	-1.891	3.044	H	-0.228	1.399	-4.76	0.67	-2.647	A	945	 	N	S	0.401	8	23	-2.189	3.133	H	0.945	0.828	1.299	-0.169	0.933	VDW
7mzy	A	971	 	K	E	0.107	20	21	-1.113	2.456	H	1.831	-0.561	0.533	-0.277	1.648	B	986	 	N	-	0.121	15	21	-1.192			0.945	0.828	1.299	-0.169	0.933	HBOND
7mzy	A	971	 	K	E	0.107	20	21	-1.113	2.456	H	1.831	-0.561	0.533	-0.277	1.648	B	986	 	N	-	0.121	15	21	-1.192			0.945	0.828	1.299	-0.169	0.933	VDW
7mzy	B	789	 	L	H	0.457	7	16	-1.135	-0.873	H	-1.019	-0.987	-1.505	1.266	-0.912	B	798	 	N	-	0.236	11	7	-2.27	2.045	H	0.945	0.828	1.299	-0.169	0.933	
7mzy	B	700	 	Q	H	0.343	14	11	-1.111	-0.772	H	0.931	-0.179	-3.005	-0.503	-1.853	B	704	 	A	H	0.425	16	7	-1.151	-0.59	H	-0.591	-1.302	-0.733	1.57	-0.146	HBOND
7mzy	B	919	 	G	-	0.0	41	26	-1.245	2.773	H	-0.384	1.652	1.33	1.045	2.064	B	924	 	G	-	0.0	39	37	-1.12	2.383	H	-0.384	1.652	1.33	1.045	2.064	
7mzy	B	849	 	Y	T	0.018	21	25	-0.901	-0.813	H	0.26	0.83	3.097	-0.838	1.512	B	929	 	S	S	0.0	17	38	-1.487	-0.625	H	-0.228	1.399	-4.76	0.67	-2.647	
7mzy	A	790	 	I	H	0.006	18	14	-1.118	-0.728	H	-1.239	-0.547	2.131	0.393	0.816	A	913	 	W	H	0.075	14	10	-2.763	0.275	H	-0.595	0.009	0.672	-2.128	-0.184	
7mzy	B	742	 	A	-	0.0	15	42	-1.235	2.743	H	-0.591	-1.302	-0.733	1.57	-0.146	B	754	 	S	-	0.208	31	16	-1.357	2.072	H	-0.228	1.399	-4.76	0.67	-2.647	
7mzy	A	883	 	W	S	0.084	21	29	-1.37	-0.75	H	-0.595	0.009	0.672	-2.128	-0.184	A	896	 	L	G	0.018	26	24	-1.024	-0.798	H	-1.019	-0.987	-1.505	1.266	-0.912	
7mzy	B	691	 	S	-	0.631	9	27	-2.545	3.016	H	-0.228	1.399	-4.76	0.67	-2.647	B	777	 	Q	-	0.0	21	35	-1.947	2.57	H	0.931	-0.179	-3.005	-0.503	-1.853	
7mzy	A	787	 	N	S	0.376	11	6	-1.45	2.063	H	0.945	0.828	1.299	-0.169	0.933	A	790	 	I	H	0.006	18	14	-1.118	-0.728	H	-1.239	-0.547	2.131	0.393	0.816	HBOND
7mzy	A	787	 	N	S	0.376	11	6	-1.45	2.063	H	0.945	0.828	1.299	-0.169	0.933	A	790	 	I	H	0.006	18	14	-1.118	-0.728	H	-1.239	-0.547	2.131	0.393	0.816	VDW
7mzy	A	732	 	D	E	0.344	10	10	-3.013	3.132	H	1.05	0.302	-3.656	-0.259	-3.242	A	765	 	L	E	0.043	20	7	-2.024	2.73	H	-1.019	-0.987	-1.505	1.266	-0.912	HBOND
7mzy	A	742	 	A	-	0.0	17	43	-1.353	2.722	H	-0.591	-1.302	-0.733	1.57	-0.146	A	778	 	Q	-	0.222	15	43	-1.1	2.468	H	0.931	-0.179	-3.005	-0.503	-1.853	
7mzy	B	925	 	G	-	0.0	40	36	-1.35	2.598	H	-0.384	1.652	1.33	1.045	2.064	B	933	 	G	-	0.0	29	43	-1.412	2.627	H	-0.384	1.652	1.33	1.045	2.064	HBOND
7mzy	B	685	 	F	E	0.0	27	15	-1.671	2.338	H	-1.006	-0.59	1.891	-0.397	0.412	B	773	 	I	E	0.0	24	27	-2.229	2.042	H	-1.239	-0.547	2.131	0.393	0.816	VDW
7mzy	A	908	 	Q	H	0.278	12	14	-1.203	-0.665	H	0.931	-0.179	-3.005	-0.503	-1.853	A	911	 	K	H	0.82	5	12	-1.157	-0.681	H	1.831	-0.561	0.533	-0.277	1.648	VDW
7mzy	B	744	 	G	-	0.0	33	28	-1.42	2.827	H	-0.384	1.652	1.33	1.045	2.064	B	780	 	E	-	0.289	24	28	-1.256	2.5	H	1.357	-1.453	1.477	0.113	-0.837	
7mzy	B	882	 	G	-	0.0	16	37	-1.705	-2.794	H	-0.384	1.652	1.33	1.045	2.064	B	895	 	S	-	0.0	16	31	-1.245	2.887	H	-0.228	1.399	-4.76	0.67	-2.647	VDW
7mzy	B	869	 	G	-	0.06	24	12	-1.547	1.349	H	-0.384	1.652	1.33	1.045	2.064	B	883	 	W	S	0.084	21	29	-1.329	-0.755	H	-0.595	0.009	0.672	-2.128	-0.184	HBOND
7mzy	A	818	 	G	-	0.0	34	24	-1.526	2.509	H	-0.384	1.652	1.33	1.045	2.064	A	917	 	T	-	0.0	37	16	-2.206	1.623	H	-0.032	0.326	2.213	0.908	1.313	VDW
7mzy	B	774	 	L	E	0.0	37	23	-1.897	2.008	H	-1.019	-0.987	-1.505	1.266	-0.912	B	900	 	A	-	0.0	29	23	1.184	0.267	L	-0.591	-1.302	-0.733	1.57	-0.146	VDW
7mzy	A	854	 	D	-	0.258	10	12	-1.552	2.541	H	1.05	0.302	-3.656	-0.259	-3.242	B	986	 	N	-	0.121	15	21	-1.192			0.945	0.828	1.299	-0.169	0.933	
7mzy	A	883	 	W	S	0.084	21	29	-1.37	-0.75	H	-0.595	0.009	0.672	-2.128	-0.184	A	897	 	Q	G	0.283	14	22	-1.285	-0.082	H	0.931	-0.179	-3.005	-0.503	-1.853	HBOND
7mzy	A	883	 	W	S	0.084	21	29	-1.37	-0.75	H	-0.595	0.009	0.672	-2.128	-0.184	A	897	 	Q	G	0.283	14	22	-1.285	-0.082	H	0.931	-0.179	-3.005	-0.503	-1.853	VDW
7mzy	A	925	 	G	-	0.0	39	37	-1.396	2.608	H	-0.384	1.652	1.33	1.045	2.064	A	933	 	G	-	0.0	29	43	-1.298	2.66	H	-0.384	1.652	1.33	1.045	2.064	HBOND
7mzy	A	741	 	A	-	0.0	35	25	-1.633	2.74	H	-0.591	-1.302	-0.733	1.57	-0.146	A	844	 	G	-	0.0	30	41	-1.37	2.59	H	-0.384	1.652	1.33	1.045	2.064	HBOND
7mzy	A	843	 	G	-	0.012	44	30	-1.517	2.719	H	-0.384	1.652	1.33	1.045	2.064	A	954	 	D	-	0.172	24	37	-1.139	2.735	H	1.05	0.302	-3.656	-0.259	-3.242	
7mzy	A	696	 	P	-	0.037	23	14	-1.291	2.847	H	0.189	2.081	-1.628	0.421	-1.392	A	722	 	G	T	0.012	21	21	1.408	0.012	L	-0.384	1.652	1.33	1.045	2.064	
7mzy	B	698	 	Q	H	0.303	8	20	-0.95	-0.721	H	0.931	-0.179	-3.005	-0.503	-1.853	B	713	 	E	E	0.639	8	19	-1.782	2.225	H	1.357	-1.453	1.477	0.113	-0.837	
7mzy	A	788	 	Q	H	0.833	0	17	-1.066	-0.6	H	0.931	-0.179	-3.005	-0.503	-1.853	A	792	 	K	H	0.463	7	13	-1.138	-0.544	H	1.831	-0.561	0.533	-0.277	1.648	HBOND
7mzy	A	788	 	Q	H	0.833	0	17	-1.066	-0.6	H	0.931	-0.179	-3.005	-0.503	-1.853	A	792	 	K	H	0.463	7	13	-1.138	-0.544	H	1.831	-0.561	0.533	-0.277	1.648	VDW
7mzy	B	715	 	G	B	0.202	14	11	-1.083	2.491	H	-0.384	1.652	1.33	1.045	2.064	B	723	 	I	-	0.006	22	22	-1.611	2.3	H	-1.239	-0.547	2.131	0.393	0.816	HBOND
7mzy	A	862	 	E	E	0.129	20	14	-1.806	2.565	H	1.357	-1.453	1.477	0.113	-0.837	A	957	 	S	E	0.0	24	27	-1.535	2.967	H	-0.228	1.399	-4.76	0.67	-2.647	HBOND
7mzy	A	744	 	G	-	0.0	32	25	-1.441	2.815	H	-0.384	1.652	1.33	1.045	2.064	A	820	 	G	-	0.0	32	39	-1.328	2.706	H	-0.384	1.652	1.33	1.045	2.064	HBOND
7mzy	B	889	 	L	-	0.457	21	7	-1.529	2.451	H	-1.019	-0.987	-1.505	1.266	-0.912	B	892	 	A	S	0.094	19	38	-1.355	2.489	H	-0.591	-1.302	-0.733	1.57	-0.146	HBOND
7mzy	B	889	 	L	-	0.457	21	7	-1.529	2.451	H	-1.019	-0.987	-1.505	1.266	-0.912	B	892	 	A	S	0.094	19	38	-1.355	2.489	H	-0.591	-1.302	-0.733	1.57	-0.146	VDW
7mzy	A	740	 	G	-	0.0	37	25	-1.322	3.032	H	-0.384	1.652	1.33	1.045	2.064	A	841	 	A	E	0.0	31	33	-1.944	2.031	H	-0.591	-1.302	-0.733	1.57	-0.146	VDW
7mzy	A	804	 	E	H	0.113	12	8	-1.115	-0.704	H	1.357	-1.453	1.477	0.113	-0.837	A	808	 	N	-	0.433	14	3	-2.52	2.701	H	0.945	0.828	1.299	-0.169	0.933	HBOND
7mzy	A	804	 	E	H	0.113	12	8	-1.115	-0.704	H	1.357	-1.453	1.477	0.113	-0.837	A	808	 	N	-	0.433	14	3	-2.52	2.701	H	0.945	0.828	1.299	-0.169	0.933	VDW
7mzy	B	871	 	N	-	0.191	25	20	-1.212	2.761	H	0.945	0.828	1.299	-0.169	0.933	B	880	 	G	-	0.0	34	36	-1.201	2.653	H	-0.384	1.652	1.33	1.045	2.064	
7mzy	B	871	 	N	-	0.191	25	20	-1.212	2.761	H	0.945	0.828	1.299	-0.169	0.933	B	881	 	G	-	0.0	34	33	-1.319	2.541	H	-0.384	1.652	1.33	1.045	2.064	
7mzy	B	825	 	T	E	0.0	27	38	-1.854	2.292	H	-0.032	0.326	2.213	0.908	1.313	B	841	 	A	E	0.0	31	33	-1.963	2.012	H	-0.591	-1.302	-0.733	1.57	-0.146	HBOND
7mzy	A	869	 	G	-	0.071	20	14	-1.552	1.323	H	-0.384	1.652	1.33	1.045	2.064	A	883	 	W	S	0.084	21	29	-1.37	-0.75	H	-0.595	0.009	0.672	-2.128	-0.184	HBOND
7mzy	B	685	 	F	E	0.0	27	15	-1.671	2.338	H	-1.006	-0.59	1.891	-0.397	0.412	B	978	 	E	E	0.309	13	33	-2.87	2.858	H	1.357	-1.453	1.477	0.113	-0.837	
7mzy	B	699	 	A	H	0.651	0	22	-1.16	-0.643	H	-0.591	-1.302	-0.733	1.57	-0.146	B	703	 	N	H	0.656	8	12	-1.135	-0.805	H	0.945	0.828	1.299	-0.169	0.933	HBOND
7mzy	B	744	 	G	-	0.0	33	28	-1.42	2.827	H	-0.384	1.652	1.33	1.045	2.064	B	781	 	D	-	0.331	12	36	-1.431	2.475	H	1.05	0.302	-3.656	-0.259	-3.242	
7mzy	A	902	 	G	-	0.036	31	25	-1.096	2.631	H	-0.384	1.652	1.33	1.045	2.064	A	918	 	R	-	0.121	16	42	-1.403	2.697	H	1.538	-0.055	1.502	0.44	2.897	HBOND
7mzy	B	733	 	T	E	0.225	8	17	-1.514	2.342	H	-0.032	0.326	2.213	0.908	1.313	B	762	 	I	E	0.053	11	23	-2.085	2.261	H	-1.239	-0.547	2.131	0.393	0.816	
7mzy	B	736	 	I	E	0.0	21	23	-2.172	1.992	H	-1.239	-0.547	2.131	0.393	0.816	B	761	 	G	E	0.012	19	24	-2.307	2.857	H	-0.384	1.652	1.33	1.045	2.064	HBOND
7mzy	A	782	 	A	S	0.028	29	19	-1.141	-0.669	H	-0.591	-1.302	-0.733	1.57	-0.146	A	915	 	W	-	0.026	27	15	-1.582	1.597	H	-0.595	0.009	0.672	-2.128	-0.184	HBOND
7mzy	B	747	 	G	S	0.083	27	19	-1.502	0.076	H	-0.384	1.652	1.33	1.045	2.064	B	849	 	Y	T	0.018	21	25	-0.901	-0.813	H	0.26	0.83	3.097	-0.838	1.512	HBOND
7mzy	A	904	 	H	-	0.364	10	36	-1.301	3.064	H	0.336	-0.417	-1.673	-1.474	-0.078	A	916	 	E	-	0.32	14	34	-1.873	2.256	H	1.357	-1.453	1.477	0.113	-0.837	VDW
7mzy	B	881	 	G	-	0.0	34	33	-1.319	2.541	H	-0.384	1.652	1.33	1.045	2.064	B	936	 	G	S	0.0	32	37	-3.101	-2.91	H	-0.384	1.652	1.33	1.045	2.064	HBOND
7mzy	A	688	 	C	T	0.052	21	14	1.015	0.459	L	-1.343	0.465	-0.862	-1.02	-0.255	A	701	 	C	H	0.0	20	12	-1.209	-0.665	H	-1.343	0.465	-0.862	-1.02	-0.255	SSBOND
7mzy	A	688	 	C	T	0.052	21	14	1.015	0.459	L	-1.343	0.465	-0.862	-1.02	-0.255	A	701	 	C	H	0.0	20	12	-1.209	-0.665	H	-1.343	0.465	-0.862	-1.02	-0.255	VDW
7mzy	A	739	 	Y	E	0.27	20	34	-2.109	2.141	H	0.26	0.83	3.097	-0.838	1.512	A	825	 	T	E	0.0	25	38	-1.796	2.27	H	-0.032	0.326	2.213	0.908	1.313	
7mzy	B	899	 	G	T	0.083	13	23	1.808	-0.085	L	-0.384	1.652	1.33	1.045	2.064	B	921	 	F	T	0.02	19	39	-0.877	2.429	H	-1.006	-0.59	1.891	-0.397	0.412	
7mzy	B	843	 	G	-	0.0	44	29	-1.516	2.788	H	-0.384	1.652	1.33	1.045	2.064	B	934	 	G	-	0.0	30	44	-1.41	2.63	H	-0.384	1.652	1.33	1.045	2.064	
7mzy	A	697	 	T	-	0.493	3	24	-1.687	2.939	H	-0.032	0.326	2.213	0.908	1.313	A	701	 	C	H	0.0	20	12	-1.209	-0.665	H	-1.343	0.465	-0.862	-1.02	-0.255	HBOND
7mzy	A	697	 	T	-	0.493	3	24	-1.687	2.939	H	-0.032	0.326	2.213	0.908	1.313	A	701	 	C	H	0.0	20	12	-1.209	-0.665	H	-1.343	0.465	-0.862	-1.02	-0.255	VDW
7mzy	B	779	 	G	-	0.0	44	20	-1.137	2.593	H	-0.384	1.652	1.33	1.045	2.064	B	820	 	G	-	0.0	32	39	-1.27	2.724	H	-0.384	1.652	1.33	1.045	2.064	
7mzy	B	753	 	R	-	0.101	28	16	-1.409	2.671	H	1.538	-0.055	1.502	0.44	2.897	B	781	 	D	-	0.331	12	36	-1.431	2.475	H	1.05	0.302	-3.656	-0.259	-3.242	IONIC
7mzy	B	753	 	R	-	0.101	28	16	-1.409	2.671	H	1.538	-0.055	1.502	0.44	2.897	B	781	 	D	-	0.331	12	36	-1.431	2.475	H	1.05	0.302	-3.656	-0.259	-3.242	HBOND
7mzy	B	753	 	R	-	0.101	28	16	-1.409	2.671	H	1.538	-0.055	1.502	0.44	2.897	B	781	 	D	-	0.331	12	36	-1.431	2.475	H	1.05	0.302	-3.656	-0.259	-3.242	VDW
7mzy	B	802	 	E	H	0.32	8	19	-1.039	-0.669	H	1.357	-1.453	1.477	0.113	-0.837	B	806	 	R	H	0.645	5	8	-1.241	-1.012	H	1.538	-0.055	1.502	0.44	2.897	HBOND
7mzy	B	802	 	E	H	0.32	8	19	-1.039	-0.669	H	1.357	-1.453	1.477	0.113	-0.837	B	806	 	R	H	0.645	5	8	-1.241	-1.012	H	1.538	-0.055	1.502	0.44	2.897	VDW
7mzy	A	705	 	Y	T	0.086	17	6	-1.77	0.1	H	0.26	0.83	3.097	-0.838	1.512	A	708	 	S	S	0.5	14	2	-1.655	3.073	H	-0.228	1.399	-4.76	0.67	-2.647	HBOND
7mzy	A	871	 	N	-	0.197	26	21	-1.19	2.698	H	0.945	0.828	1.299	-0.169	0.933	A	880	 	G	-	0.0	35	35	-1.295	2.671	H	-0.384	1.652	1.33	1.045	2.064	VDW
7mzy	A	744	 	G	-	0.0	32	25	-1.441	2.815	H	-0.384	1.652	1.33	1.045	2.064	A	780	 	E	-	0.345	23	30	-1.227	2.499	H	1.357	-1.453	1.477	0.113	-0.837	
7mzy	A	929	 	S	S	0.0	19	39	-1.482	-0.601	H	-0.228	1.399	-4.76	0.67	-2.647	A	946	 	N	-	0.083	20	21	-1.624	0.994	H	0.945	0.828	1.299	-0.169	0.933	HBOND
7mzy	A	803	 	E	H	0.459	6	11	-1.094	-0.78	H	1.357	-1.453	1.477	0.113	-0.837	A	806	 	R	H	0.726	5	8	-1.039	-0.335	H	1.538	-0.055	1.502	0.44	2.897	IONIC
7mzy	A	803	 	E	H	0.459	6	11	-1.094	-0.78	H	1.357	-1.453	1.477	0.113	-0.837	A	806	 	R	H	0.726	5	8	-1.039	-0.335	H	1.538	-0.055	1.502	0.44	2.897	HBOND
7mzy	A	803	 	E	H	0.459	6	11	-1.094	-0.78	H	1.357	-1.453	1.477	0.113	-0.837	A	806	 	R	H	0.726	5	8	-1.039	-0.335	H	1.538	-0.055	1.502	0.44	2.897	VDW
7mzy	B	880	 	G	-	0.0	34	36	-1.201	2.653	H	-0.384	1.652	1.33	1.045	2.064	B	923	 	G	T	0.0	40	33	1.673	0.174	L	-0.384	1.652	1.33	1.045	2.064	
7mzy	B	741	 	A	-	0.0	35	25	-1.556	2.664	H	-0.591	-1.302	-0.733	1.57	-0.146	B	777	 	Q	-	0.0	21	35	-1.947	2.57	H	0.931	-0.179	-3.005	-0.503	-1.853	
7mzy	A	931	 	G	-	0.0	30	38	-1.58	2.621	H	-0.384	1.652	1.33	1.045	2.064	A	950	 	M	-	0.415	21	19	-1.713	1.873	H	-0.663	-1.524	2.219	-1.005	1.212	HBOND
7mzy	B	822	 	G	-	0.0	32	40	-1.333	2.551	H	-0.384	1.652	1.33	1.045	2.064	B	935	 	G	-	0.0	38	37	-1.155	2.871	H	-0.384	1.652	1.33	1.045	2.064	HBOND
7mzy	B	902	 	G	-	0.036	31	26	-1.131	2.581	H	-0.384	1.652	1.33	1.045	2.064	B	919	 	G	-	0.0	41	26	-1.245	2.773	H	-0.384	1.652	1.33	1.045	2.064	VDW
7mzy	A	827	 	V	E	0.007	24	26	-2.167	2.155	H	-1.337	-0.279	-0.544	1.242	-1.262	A	839	 	I	E	0.006	30	24	-2.403	2.4	H	-1.239	-0.547	2.131	0.393	0.816	HBOND
7mzy	B	683	 	W	E	0.101	15	13	-2.165	2.038	H	-0.595	0.009	0.672	-2.128	-0.184	B	981	 	I	E	0.0	19	19	-2.063	2.393	H	-1.239	-0.547	2.131	0.393	0.816	HBOND
7mzy	B	684	 	L	E	0.384	6	24	-1.944	1.977	H	-1.019	-0.987	-1.505	1.266	-0.912	B	710	 	L	-	0.067	20	7	-1.907	2.238	H	-1.019	-0.987	-1.505	1.266	-0.912	
7mzy	B	881	 	G	-	0.0	34	33	-1.319	2.541	H	-0.384	1.652	1.33	1.045	2.064	B	923	 	G	T	0.0	40	33	1.673	0.174	L	-0.384	1.652	1.33	1.045	2.064	HBOND
7mzy	B	804	 	E	H	0.103	11	8	-1.091	-0.672	H	1.357	-1.453	1.477	0.113	-0.837	B	814	 	W	S	0.273	15	20	-1.586	0.953	H	-0.595	0.009	0.672	-2.128	-0.184	HBOND
7mzy	B	804	 	E	H	0.103	11	8	-1.091	-0.672	H	1.357	-1.453	1.477	0.113	-0.837	B	814	 	W	S	0.273	15	20	-1.586	0.953	H	-0.595	0.009	0.672	-2.128	-0.184	VDW
7mzy	A	712	 	V	-	0.056	26	9	-2.215	2.773	H	-1.337	-0.279	-0.544	1.242	-1.262	A	725	 	I	E	0.101	13	19	-1.864	2.211	H	-1.239	-0.547	2.131	0.393	0.816	
7mzy	B	731	 	T	S	0.613	1	15	-1.23	2.11	H	-0.032	0.326	2.213	0.908	1.313	B	767	 	K	T	0.605	3	13	-0.897	2.391	H	1.831	-0.561	0.533	-0.277	1.648	HBOND
7mzy	B	784	 	P	S	0.728	3	24	-1.412	3.14	H	0.189	2.081	-1.628	0.421	-1.392	B	791	 	Q	H	0.247	5	17	-1.114	-0.59	H	0.931	-0.179	-3.005	-0.503	-1.853	
7mzy	A	681	 	V	E	0.211	10	12	-1.947	2.209	H	-1.337	-0.279	-0.544	1.242	-1.262	A	982	 	K	E	0.371	10	20	-2.527	2.625	H	1.831	-0.561	0.533	-0.277	1.648	
7mzy	A	882	 	G	-	0.0	15	38	-1.68	-2.757	H	-0.384	1.652	1.33	1.045	2.064	A	895	 	S	-	0.0	15	31	-1.313	2.852	H	-0.228	1.399	-4.76	0.67	-2.647	
7mzy	B	790	 	I	H	0.012	17	13	-1.041	-0.718	H	-1.239	-0.547	2.131	0.393	0.816	B	915	 	W	-	0.031	27	15	-1.564	1.432	H	-0.595	0.009	0.672	-2.128	-0.184	VDW
7mzy	B	825	 	T	E	0.0	27	38	-1.854	2.292	H	-0.032	0.326	2.213	0.908	1.313	B	979	 	V	E	0.0	24	18	-2.279	2.35	H	-1.337	-0.279	-0.544	1.242	-1.262	
7mzy	B	701	 	C	H	0.0	19	12	-1.215	-0.607	H	-1.343	0.465	-0.862	-1.02	-0.255	B	704	 	A	H	0.425	16	7	-1.151	-0.59	H	-0.591	-1.302	-0.733	1.57	-0.146	
7mzy	A	891	 	W	T	0.203	24	22	-1.568	-0.178	H	-0.595	0.009	0.672	-2.128	-0.184	A	926	 	G	-	0.0	23	45	-1.265	2.696	H	-0.384	1.652	1.33	1.045	2.064	HBOND
7mzy	A	846	 	G	-	0.0	41	27	-1.283	2.595	H	-0.384	1.652	1.33	1.045	2.064	A	931	 	G	-	0.0	30	38	-1.58	2.621	H	-0.384	1.652	1.33	1.045	2.064	
7mzy	B	882	 	G	-	0.0	16	37	-1.705	-2.794	H	-0.384	1.652	1.33	1.045	2.064	B	937	 	Y	S	0.023	22	33	-1.182	-0.8	H	0.26	0.83	3.097	-0.838	1.512	
7mzy	A	789	 	L	H	0.451	7	16	-1.174	-0.798	H	-1.019	-0.987	-1.505	1.266	-0.912	A	793	 	V	H	0.042	23	9	-1.089	-0.824	H	-1.337	-0.279	-0.544	1.242	-1.262	
7mzy	B	905	 	S	-	0.015	24	28	-1.278	2.879	H	-0.228	1.399	-4.76	0.67	-2.647	B	910	 	M	H	0.394	11	14	-1.141	-0.785	H	-0.663	-1.524	2.219	-1.005	1.212	VDW
7mzy	A	894	 	K	-	0.41	13	40	-1.383	2.673	H	1.831	-0.561	0.533	-0.277	1.648	A	923	 	G	T	0.0	40	34	1.709	0.173	L	-0.384	1.652	1.33	1.045	2.064	VDW
7mzy	A	733	 	T	E	0.43	6	17	-1.67	2.201	H	-0.032	0.326	2.213	0.908	1.313	A	764	 	N	E	0.764	1	20	-1.705	2.069	H	0.945	0.828	1.299	-0.169	0.933	
7mzy	B	696	 	P	-	0.029	23	16	-1.273	2.813	H	0.189	2.081	-1.628	0.421	-1.392	B	700	 	Q	H	0.343	14	11	-1.111	-0.772	H	0.931	-0.179	-3.005	-0.503	-1.853	
7mzy	A	802	 	E	H	0.211	7	20	-1.049	-0.649	H	1.357	-1.453	1.477	0.113	-0.837	A	805	 	I	H	0.325	12	11	-1.103	-0.625	H	-1.239	-0.547	2.131	0.393	0.816	
7mzy	A	751	 	M	-	0.468	20	7		2.836		-0.663	-1.524	2.219	-1.005	1.212	A	851	 	A	-	0.057	23	7	-0.979	2.192	H	-0.591	-1.302	-0.733	1.57	-0.146	
7mzy	B	756	 	G	E	0.0	36	23	-1.246	2.837	H	-0.384	1.652	1.33	1.045	2.064	B	971	 	K	E	0.229	17	24	-1.31	2.221	H	1.831	-0.561	0.533	-0.277	1.648	
7mzy	A	893	 	G	-	0.0	46	19	-1.216	2.452	H	-0.384	1.652	1.33	1.045	2.064	A	924	 	G	-	0.0	38	38	-1.167	2.433	H	-0.384	1.652	1.33	1.045	2.064	
7mzy	B	819	 	G	-	0.0	32	32	-1.296	2.658	H	-0.384	1.652	1.33	1.045	2.064	B	932	 	G	-	0.0	41	35	-1.329	2.72	H	-0.384	1.652	1.33	1.045	2.064	HBOND
7mzy	B	863	 	N	-	0.599	9	18	-2.372	0.201	H	0.945	0.828	1.299	-0.169	0.933	B	961	 	P	T	0.728	4	16	-1.135	-0.218	H	0.189	2.081	-1.628	0.421	-1.392	VDW
7mzy	A	859	 	E	-	0.057	26	14	-1.43	2.5	H	1.357	-1.453	1.477	0.113	-0.837	B	966	 	Y	-	0.113	21	14	-1.373	-0.576	H	0.26	0.83	3.097	-0.838	1.512	HBOND
7mzy	A	859	 	E	-	0.057	26	14	-1.43	2.5	H	1.357	-1.453	1.477	0.113	-0.837	B	966	 	Y	-	0.113	21	14	-1.373	-0.576	H	0.26	0.83	3.097	-0.838	1.512	VDW
7mzy	B	737	 	S	E	0.077	19	29	-1.95	2.108	H	-0.228	1.399	-4.76	0.67	-2.647	B	980	 	N	E	0.134	10	23	-2.177	2.181	H	0.945	0.828	1.299	-0.169	0.933	HBOND
7mzy	B	904	 	H	-	0.321	10	36	-1.211	2.878	H	0.336	-0.417	-1.673	-1.474	-0.078	B	926	 	G	-	0.0	23	45	-1.213	2.668	H	-0.384	1.652	1.33	1.045	2.064	
7mzy	B	703	 	N	H	0.656	8	12	-1.135	-0.805	H	0.945	0.828	1.299	-0.169	0.933	B	706	 	Q	T	0.601	6	9	-1.072	2.446	H	0.931	-0.179	-3.005	-0.503	-1.853	HBOND
7mzy	A	863	 	N	-	0.605	11	19	-2.363	0.211	H	0.945	0.828	1.299	-0.169	0.933	A	959	 	I	E	0.041	19	21	-2.162	2.276	H	-1.239	-0.547	2.131	0.393	0.816	
7mzy	A	822	 	G	-	0.0	31	41	-1.361	2.604	H	-0.384	1.652	1.33	1.045	2.064	A	934	 	G	-	0.0	32	43	-1.411	2.64	H	-0.384	1.652	1.33	1.045	2.064	VDW
7mzy	A	907	 	P	H	0.507	3	28	-0.914	-0.739	H	0.189	2.081	-1.628	0.421	-1.392	A	910	 	M	H	0.463	9	17	-1.24	-0.836	H	-0.663	-1.524	2.219	-1.005	1.212	HBOND
7mzy	A	907	 	P	H	0.507	3	28	-0.914	-0.739	H	0.189	2.081	-1.628	0.421	-1.392	A	910	 	M	H	0.463	9	17	-1.24	-0.836	H	-0.663	-1.524	2.219	-1.005	1.212	VDW
7mzy	A	741	 	A	-	0.0	35	25	-1.633	2.74	H	-0.591	-1.302	-0.733	1.57	-0.146	A	777	 	Q	-	0.0	20	35	-1.984	2.627	H	0.931	-0.179	-3.005	-0.503	-1.853	
7mzy	A	920	 	G	-	0.0	37	28	-1.444	2.587	H	-0.384	1.652	1.33	1.045	2.064	A	923	 	G	T	0.0	40	34	1.709	0.173	L	-0.384	1.652	1.33	1.045	2.064	
7mzy	B	892	 	A	S	0.094	19	38	-1.355	2.489	H	-0.591	-1.302	-0.733	1.57	-0.146	B	903	 	G	-	0.012	39	15	-1.104	2.666	H	-0.384	1.652	1.33	1.045	2.064	
7mzy	B	724	 	Q	E	0.005	25	18	-1.618	2.196	H	0.931	-0.179	-3.005	-0.503	-1.853	B	772	 	Y	E	0.158	18	19	-2.041	2.218	H	0.26	0.83	3.097	-0.838	1.512	
7mzy	A	789	 	L	H	0.451	7	16	-1.174	-0.798	H	-1.019	-0.987	-1.505	1.266	-0.912	A	792	 	K	H	0.463	7	13	-1.138	-0.544	H	1.831	-0.561	0.533	-0.277	1.648	HBOND
7mzy	A	789	 	L	H	0.451	7	16	-1.174	-0.798	H	-1.019	-0.987	-1.505	1.266	-0.912	A	792	 	K	H	0.463	7	13	-1.138	-0.544	H	1.831	-0.561	0.533	-0.277	1.648	VDW
7mzy	A	890	 	L	T	0.689	8	22	-1.057	-0.602	H	-1.019	-0.987	-1.505	1.266	-0.912	A	904	 	H	-	0.364	10	36	-1.301	3.064	H	0.336	-0.417	-1.673	-1.474	-0.078	HBOND
7mzy	A	890	 	L	T	0.689	8	22	-1.057	-0.602	H	-1.019	-0.987	-1.505	1.266	-0.912	A	904	 	H	-	0.364	10	36	-1.301	3.064	H	0.336	-0.417	-1.673	-1.474	-0.078	VDW
7mzy	B	875	 	G	S	0.226	20	15	-2.125	-1.964	H	-0.384	1.652	1.33	1.045	2.064	B	891	 	W	T	0.225	24	21	-1.609	-0.078	H	-0.595	0.009	0.672	-2.128	-0.184	HBOND
7mzy	B	757	 	V	E	0.021	26	28	-1.678	2.455	H	-1.337	-0.279	-0.544	1.242	-1.262	B	842	 	A	-	0.0	31	37	-1.193	2.621	H	-0.591	-1.302	-0.733	1.57	-0.146	HBOND
7mzy	B	873	 	N	-	0.497	9	26	-1.163	2.336	H	0.945	0.828	1.299	-0.169	0.933	B	879	 	G	-	0.012	20	43	-1.287	2.785	H	-0.384	1.652	1.33	1.045	2.064	VDW
7mzy	A	871	 	N	-	0.197	26	21	-1.19	2.698	H	0.945	0.828	1.299	-0.169	0.933	A	881	 	G	-	0.0	36	31	-1.33	2.542	H	-0.384	1.652	1.33	1.045	2.064	
7mzy	B	730	 	A	S	0.349	5	11	-2.88	2.517	H	-0.591	-1.302	-0.733	1.57	-0.146	B	734	 	Y	E	0.0	17	13	-2.212	2.667	H	0.26	0.83	3.097	-0.838	1.512	
7mzy	A	871	 	N	-	0.197	26	21	-1.19	2.698	H	0.945	0.828	1.299	-0.169	0.933	A	885	 	D	-	0.233	21	6	-2.586	3.117	H	1.05	0.302	-3.656	-0.259	-3.242	HBOND
7mzy	A	871	 	N	-	0.197	26	21	-1.19	2.698	H	0.945	0.828	1.299	-0.169	0.933	A	885	 	D	-	0.233	21	6	-2.586	3.117	H	1.05	0.302	-3.656	-0.259	-3.242	VDW
7mzy	A	755	 	H	-	0.103	14	33	-1.412	2.737	H	0.336	-0.417	-1.673	-1.474	-0.078	A	972	 	V	-	0.134	18	16	-2.272	2.596	H	-1.337	-0.279	-0.544	1.242	-1.262	
7mzy	B	905	 	S	-	0.015	24	28	-1.278	2.879	H	-0.228	1.399	-4.76	0.67	-2.647	B	927	 	G	-	0.0	34	36	-1.526	2.756	H	-0.384	1.652	1.33	1.045	2.064	
7mzy	B	870	 	L	-	0.457	7	29	-1.684	2.869	H	-1.019	-0.987	-1.505	1.266	-0.912	B	938	 	I	B	0.225	12	35	-1.935	2.241	H	-1.239	-0.547	2.131	0.393	0.816	VDW
7mzy	B	800	 	V	H	0.218	12	12	-1.018	-0.637	H	-1.337	-0.279	-0.544	1.242	-1.262	B	804	 	E	H	0.103	11	8	-1.091	-0.672	H	1.357	-1.453	1.477	0.113	-0.837	HBOND
7mzy	A	969	 	A	-	0.0	26	20	-1.577	1.908	H	-0.591	-1.302	-0.733	1.57	-0.146	B	966	 	Y	-	0.113	21	14	-1.373	-0.576	H	0.26	0.83	3.097	-0.838	1.512	
7mzy	B	872	 	G	-	0.119	32	15	-1.348	2.931	H	-0.384	1.652	1.33	1.045	2.064	B	880	 	G	-	0.0	34	36	-1.201	2.653	H	-0.384	1.652	1.33	1.045	2.064	HBOND
7mzy	A	791	 	Q	H	0.303	5	18	-1.04	-0.613	H	0.931	-0.179	-3.005	-0.503	-1.853	A	794	 	C	H	0.207	16	14	-1.032	-0.66	H	-1.343	0.465	-0.862	-1.02	-0.255	
7mzy	A	682	 	H	E	0.44	6	16	-2.348	2.341	H	0.336	-0.417	-1.673	-1.474	-0.078	A	981	 	I	E	0.0	16	19	-2.071	2.449	H	-1.239	-0.547	2.131	0.393	0.816	
7mzy	A	930	 	S	S	0.0	24	29	-1.24	2.883	H	-0.228	1.399	-4.76	0.67	-2.647	A	946	 	N	-	0.083	20	21	-1.624	0.994	H	0.945	0.828	1.299	-0.169	0.933	HBOND
7mzy	B	904	 	H	-	0.321	10	36	-1.211	2.878	H	0.336	-0.417	-1.673	-1.474	-0.078	B	918	 	R	-	0.085	17	42	-1.541	2.759	H	1.538	-0.055	1.502	0.44	2.897	PICATION
7mzy	B	904	 	H	-	0.321	10	36	-1.211	2.878	H	0.336	-0.417	-1.673	-1.474	-0.078	B	918	 	R	-	0.085	17	42	-1.541	2.759	H	1.538	-0.055	1.502	0.44	2.897	VDW
7mzy	A	903	 	G	-	0.012	40	15	-1.268	2.674	H	-0.384	1.652	1.33	1.045	2.064	A	918	 	R	-	0.121	16	42	-1.403	2.697	H	1.538	-0.055	1.502	0.44	2.897	HBOND
7mzy	B	734	 	Y	E	0.0	17	13	-2.212	2.667	H	0.26	0.83	3.097	-0.838	1.512	B	762	 	I	E	0.053	11	23	-2.085	2.261	H	-1.239	-0.547	2.131	0.393	0.816	
7mzy	B	776	 	G	-	0.0	40	26	-1.077	2.545	H	-0.384	1.652	1.33	1.045	2.064	B	825	 	T	E	0.0	27	38	-1.854	2.292	H	-0.032	0.326	2.213	0.908	1.313	HBOND
7mzy	A	745	 	K	-	0.415	9	39	-1.521	2.761	H	1.831	-0.561	0.533	-0.277	1.648	A	782	 	A	S	0.028	29	19	-1.141	-0.669	H	-0.591	-1.302	-0.733	1.57	-0.146	HBOND
7mzy	B	756	 	G	E	0.0	36	23	-1.246	2.837	H	-0.384	1.652	1.33	1.045	2.064	B	973	 	M	E	0.154	27	12	-1.713	2.125	H	-0.663	-1.524	2.219	-1.005	1.212	HBOND
7mzy	A	758	 	S	E	0.092	17	31	-2.072	2.622	H	-0.228	1.399	-4.76	0.67	-2.647	A	970	 	L	E	0.201	18	24	-1.911	2.431	H	-1.019	-0.987	-1.505	1.266	-0.912	HBOND
7mzy	A	845	 	G	-	0.012	25	42	-1.316	2.657	H	-0.384	1.652	1.33	1.045	2.064	A	954	 	D	-	0.172	24	37	-1.139	2.735	H	1.05	0.302	-3.656	-0.259	-3.242	HBOND
7mzy	B	715	 	G	B	0.202	14	11	-1.083	2.491	H	-0.384	1.652	1.33	1.045	2.064	B	722	 	G	T	0.012	22	21	1.483	-0.087	L	-0.384	1.652	1.33	1.045	2.064	HBOND
7mzy	A	824	 	A	-	0.0	31	38	-1.355	2.772	H	-0.591	-1.302	-0.733	1.57	-0.146	A	922	 	G	T	0.0	38	35	1.767	0.28	L	-0.384	1.652	1.33	1.045	2.064	HBOND
7mzy	A	824	 	A	-	0.0	31	38	-1.355	2.772	H	-0.591	-1.302	-0.733	1.57	-0.146	A	922	 	G	T	0.0	38	35	1.767	0.28	L	-0.384	1.652	1.33	1.045	2.064	VDW
7mzy	A	838	 	L	E	0.006	22	22	-1.82	-0.996	H	-1.019	-0.987	-1.505	1.266	-0.912	A	960	 	S	-	0.054	14	19	-1.216	2.436	H	-0.228	1.399	-4.76	0.67	-2.647	HBOND
7mzy	B	883	 	W	S	0.084	21	29	-1.329	-0.755	H	-0.595	0.009	0.672	-2.128	-0.184	B	897	 	Q	G	0.308	15	21	-1.214	-0.202	H	0.931	-0.179	-3.005	-0.503	-1.853	HBOND
7mzy	A	737	 	S	E	0.138	15	28	-2.009	2.344	H	-0.228	1.399	-4.76	0.67	-2.647	A	979	 	V	E	0.0	25	17	-2.244	2.31	H	-1.337	-0.279	-0.544	1.242	-1.262	VDW
7mzy	A	872	 	G	-	0.107	32	15	-1.334	2.939	H	-0.384	1.652	1.33	1.045	2.064	A	880	 	G	-	0.0	35	35	-1.295	2.671	H	-0.384	1.652	1.33	1.045	2.064	HBOND
7mzy	A	872	 	G	-	0.107	32	15	-1.334	2.939	H	-0.384	1.652	1.33	1.045	2.064	A	880	 	G	-	0.0	35	35	-1.295	2.671	H	-0.384	1.652	1.33	1.045	2.064	VDW
7mzy	A	891	 	W	T	0.203	24	22	-1.568	-0.178	H	-0.595	0.009	0.672	-2.128	-0.184	A	907	 	P	H	0.507	3	28	-0.914	-0.739	H	0.189	2.081	-1.628	0.421	-1.392	
7mzy	B	934	 	G	-	0.0	30	44	-1.41	2.63	H	-0.384	1.652	1.33	1.045	2.064	B	940	 	G	-	0.012	34	23	-1.215	2.486	H	-0.384	1.652	1.33	1.045	2.064	HBOND
7mzy	A	880	 	G	-	0.0	35	35	-1.295	2.671	H	-0.384	1.652	1.33	1.045	2.064	A	923	 	G	T	0.0	40	34	1.709	0.173	L	-0.384	1.652	1.33	1.045	2.064	VDW
7mzy	B	895	 	S	-	0.0	16	31	-1.245	2.887	H	-0.228	1.399	-4.76	0.67	-2.647	B	900	 	A	-	0.0	29	23	1.184	0.267	L	-0.591	-1.302	-0.733	1.57	-0.146	HBOND
7mzy	B	695	 	G	-	0.202	25	19	-1.312	3.066	H	-0.384	1.652	1.33	1.045	2.064	B	921	 	F	T	0.02	19	39	-0.877	2.429	H	-1.006	-0.59	1.891	-0.397	0.412	PIHBOND
7mzy	B	695	 	G	-	0.202	25	19	-1.312	3.066	H	-0.384	1.652	1.33	1.045	2.064	B	921	 	F	T	0.02	19	39	-0.877	2.429	H	-1.006	-0.59	1.891	-0.397	0.412	VDW
7mzy	A	731	 	T	S	0.669	1	17	-1.136	2.052	H	-0.032	0.326	2.213	0.908	1.313	A	767	 	K	T	0.561	3	13	-0.863	2.42	H	1.831	-0.561	0.533	-0.277	1.648	HBOND
7mzy	A	731	 	T	S	0.669	1	17	-1.136	2.052	H	-0.032	0.326	2.213	0.908	1.313	A	767	 	K	T	0.561	3	13	-0.863	2.42	H	1.831	-0.561	0.533	-0.277	1.648	VDW
7mzy	B	686	 	T	-	0.31	12	27	-2.177	-3.032	H	-0.032	0.326	2.213	0.908	1.313	B	775	 	V	-	0.014	21	38	-1.572	2.045	H	-1.337	-0.279	-0.544	1.242	-1.262	VDW
7mzy	A	909	 	A	H	0.0	23	11	-1.026	-0.656	H	-0.591	-1.302	-0.733	1.57	-0.146	A	913	 	W	H	0.075	14	10	-2.763	0.275	H	-0.595	0.009	0.672	-2.128	-0.184	
7mzy	B	790	 	I	H	0.012	17	13	-1.041	-0.718	H	-1.239	-0.547	2.131	0.393	0.816	B	793	 	V	H	0.028	21	11	-1.081	-0.796	H	-1.337	-0.279	-0.544	1.242	-1.262	HBOND
7mzy	B	790	 	I	H	0.012	17	13	-1.041	-0.718	H	-1.239	-0.547	2.131	0.393	0.816	B	793	 	V	H	0.028	21	11	-1.081	-0.796	H	-1.337	-0.279	-0.544	1.242	-1.262	VDW
7mzy	A	701	 	C	H	0.0	20	12	-1.209	-0.665	H	-1.343	0.465	-0.862	-1.02	-0.255	A	705	 	Y	T	0.086	17	6	-1.77	0.1	H	0.26	0.83	3.097	-0.838	1.512	
7mzy	B	930	 	S	S	0.0	24	29	-1.321	2.853	H	-0.228	1.399	-4.76	0.67	-2.647	B	950	 	M	-	0.436	19	15	-1.751	1.945	H	-0.663	-1.524	2.219	-1.005	1.212	
7mzy	A	804	 	E	H	0.113	12	8	-1.115	-0.704	H	1.357	-1.453	1.477	0.113	-0.837	A	807	 	V	H	0.662	6	7	-1.97	-0.1	H	-1.337	-0.279	-0.544	1.242	-1.262	HBOND
7mzy	A	869	 	G	-	0.071	20	14	-1.552	1.323	H	-0.384	1.652	1.33	1.045	2.064	A	884	 	N	S	0.535	8	25	-2.68	1.757	H	0.945	0.828	1.299	-0.169	0.933	HBOND
7mzy	B	879	 	G	-	0.012	20	43	-1.287	2.785	H	-0.384	1.652	1.33	1.045	2.064	B	925	 	G	-	0.0	40	36	-1.35	2.598	H	-0.384	1.652	1.33	1.045	2.064	
7mzy	A	875	 	G	S	0.262	17	17	-2.219	-1.89	H	-0.384	1.652	1.33	1.045	2.064	A	891	 	W	T	0.203	24	22	-1.568	-0.178	H	-0.595	0.009	0.672	-2.128	-0.184	
7mzy	B	776	 	G	-	0.0	40	26	-1.077	2.545	H	-0.384	1.652	1.33	1.045	2.064	B	921	 	F	T	0.02	19	39	-0.877	2.429	H	-1.006	-0.59	1.891	-0.397	0.412	
7mzy	A	801	 	I	H	0.0	22	12	-1.204	-0.783	H	-1.239	-0.547	2.131	0.393	0.816	A	804	 	E	H	0.113	12	8	-1.115	-0.704	H	1.357	-1.453	1.477	0.113	-0.837	HBOND
7mzy	B	697	 	T	-	0.493	3	23	-1.598	2.881	H	-0.032	0.326	2.213	0.908	1.313	B	701	 	C	H	0.0	19	12	-1.215	-0.607	H	-1.343	0.465	-0.862	-1.02	-0.255	HBOND
7mzy	B	731	 	T	S	0.613	1	15	-1.23	2.11	H	-0.032	0.326	2.213	0.908	1.313	B	765	 	L	E	0.061	21	7	-2.092	2.635	H	-1.019	-0.987	-1.505	1.266	-0.912	
7mzy	A	905	 	S	-	0.054	27	25	-1.544	3.009	H	-0.228	1.399	-4.76	0.67	-2.647	A	916	 	E	-	0.32	14	34	-1.873	2.256	H	1.357	-1.453	1.477	0.113	-0.837	HBOND
7mzy	A	905	 	S	-	0.054	27	25	-1.544	3.009	H	-0.228	1.399	-4.76	0.67	-2.647	A	916	 	E	-	0.32	14	34	-1.873	2.256	H	1.357	-1.453	1.477	0.113	-0.837	VDW
7mzy	B	725	 	I	E	0.118	12	19	-1.871	2.205	H	-1.239	-0.547	2.131	0.393	0.816	B	771	 	L	E	0.012	19	16	-1.797	2.576	H	-1.019	-0.987	-1.505	1.266	-0.912	
7mzy	A	687	 	T	-	0.07	22	22	-1.375	0.095	H	-0.032	0.326	2.213	0.908	1.313	A	690	 	A	-	0.057	23	5	-1.448	2.678	H	-0.591	-1.302	-0.733	1.57	-0.146	HBOND
7mzy	A	900	 	A	-	0.0	29	23	1.158	0.313	L	-0.591	-1.302	-0.733	1.57	-0.146	A	922	 	G	T	0.0	38	35	1.767	0.28	L	-0.384	1.652	1.33	1.045	2.064	HBOND
7mzy	A	900	 	A	-	0.0	29	23	1.158	0.313	L	-0.591	-1.302	-0.733	1.57	-0.146	A	922	 	G	T	0.0	38	35	1.767	0.28	L	-0.384	1.652	1.33	1.045	2.064	VDW
7mzy	B	739	 	Y	E	0.059	23	33	-2.296	2.153	H	0.26	0.83	3.097	-0.838	1.512	B	825	 	T	E	0.0	27	38	-1.854	2.292	H	-0.032	0.326	2.213	0.908	1.313	
7mzy	A	877	 	A	S	0.0	40	21	-1.402	2.87	H	-0.591	-1.302	-0.733	1.57	-0.146	A	926	 	G	-	0.0	23	45	-1.265	2.696	H	-0.384	1.652	1.33	1.045	2.064	
7mzy	A	734	 	Y	E	0.005	18	13	-2.066	2.585	H	0.26	0.83	3.097	-0.838	1.512	A	763	 	F	E	0.03	22	10	-2.415	2.592	H	-1.006	-0.59	1.891	-0.397	0.412	HBOND
7mzy	B	755	 	H	-	0.234	13	33	-1.337	2.684	H	0.336	-0.417	-1.673	-1.474	-0.078	B	971	 	K	E	0.229	17	24	-1.31	2.221	H	1.831	-0.561	0.533	-0.277	1.648	HBOND
7mzy	B	755	 	H	-	0.234	13	33	-1.337	2.684	H	0.336	-0.417	-1.673	-1.474	-0.078	B	971	 	K	E	0.229	17	24	-1.31	2.221	H	1.831	-0.561	0.533	-0.277	1.648	VDW
7mzy	A	847	 	R	-	0.012	22	37	-1.376	2.445	H	1.538	-0.055	1.502	0.44	2.897	A	951	 	D	-	0.233	23	33	-1.21	2.729	H	1.05	0.302	-3.656	-0.259	-3.242	IONIC
7mzy	A	847	 	R	-	0.012	22	37	-1.376	2.445	H	1.538	-0.055	1.502	0.44	2.897	A	951	 	D	-	0.233	23	33	-1.21	2.729	H	1.05	0.302	-3.656	-0.259	-3.242	HBOND
7mzy	A	847	 	R	-	0.012	22	37	-1.376	2.445	H	1.538	-0.055	1.502	0.44	2.897	A	951	 	D	-	0.233	23	33	-1.21	2.729	H	1.05	0.302	-3.656	-0.259	-3.242	VDW
7mzy	A	685	 	F	E	0.0	26	15	-1.637	2.361	H	-1.006	-0.59	1.891	-0.397	0.412	A	705	 	Y	T	0.086	17	6	-1.77	0.1	H	0.26	0.83	3.097	-0.838	1.512	
7mzy	B	803	 	E	H	0.418	6	11	-1.161	-0.71	H	1.357	-1.453	1.477	0.113	-0.837	B	806	 	R	H	0.645	5	8	-1.241	-1.012	H	1.538	-0.055	1.502	0.44	2.897	IONIC
7mzy	B	803	 	E	H	0.418	6	11	-1.161	-0.71	H	1.357	-1.453	1.477	0.113	-0.837	B	806	 	R	H	0.645	5	8	-1.241	-1.012	H	1.538	-0.055	1.502	0.44	2.897	HBOND
7mzy	B	803	 	E	H	0.418	6	11	-1.161	-0.71	H	1.357	-1.453	1.477	0.113	-0.837	B	806	 	R	H	0.645	5	8	-1.241	-1.012	H	1.538	-0.055	1.502	0.44	2.897	VDW
7mzy	B	815	 	A	-	0.009	22	22	-1.31	2.614	H	-0.591	-1.302	-0.733	1.57	-0.146	B	929	 	S	S	0.0	17	38	-1.487	-0.625	H	-0.228	1.399	-4.76	0.67	-2.647	
7mzy	A	851	 	A	-	0.057	23	7	-0.979	2.192	H	-0.591	-1.302	-0.733	1.57	-0.146	A	951	 	D	-	0.233	23	33	-1.21	2.729	H	1.05	0.302	-3.656	-0.259	-3.242	
7mzy	B	817	 	G	-	0.0	24	34	1.773	-0.201	L	-0.384	1.652	1.33	1.045	2.064	B	928	 	C	S	0.037	28	38	-2.142	-2.138	H	-1.343	0.465	-0.862	-1.02	-0.255	
7mzy	B	775	 	V	-	0.014	21	38	-1.572	2.045	H	-1.337	-0.279	-0.544	1.242	-1.262	B	977	 	G	-	0.06	35	17	-1.368	-3.063	H	-0.384	1.652	1.33	1.045	2.064	VDW
7mzy	B	880	 	G	-	0.0	34	36	-1.201	2.653	H	-0.384	1.652	1.33	1.045	2.064	B	934	 	G	-	0.0	30	44	-1.41	2.63	H	-0.384	1.652	1.33	1.045	2.064	
7mzy	A	903	 	G	-	0.012	40	15	-1.268	2.674	H	-0.384	1.652	1.33	1.045	2.064	A	919	 	G	-	0.0	40	26	-1.277	2.789	H	-0.384	1.652	1.33	1.045	2.064	HBOND
7mzy	A	903	 	G	-	0.012	40	15	-1.268	2.674	H	-0.384	1.652	1.33	1.045	2.064	A	919	 	G	-	0.0	40	26	-1.277	2.789	H	-0.384	1.652	1.33	1.045	2.064	VDW
7mzy	B	880	 	G	-	0.0	34	36	-1.201	2.653	H	-0.384	1.652	1.33	1.045	2.064	B	939	 	G	-	0.024	34	23	-1.238	2.67	H	-0.384	1.652	1.33	1.045	2.064	
7mzy	B	877	 	A	S	0.0	41	20	-1.393	2.761	H	-0.591	-1.302	-0.733	1.57	-0.146	B	931	 	G	-	0.0	30	37	-1.549	2.632	H	-0.384	1.652	1.33	1.045	2.064	
7mzy	B	876	 	A	S	0.226	21	24	-1.398	-0.8	H	-0.591	-1.302	-0.733	1.57	-0.146	B	891	 	W	T	0.225	24	21	-1.609	-0.078	H	-0.595	0.009	0.672	-2.128	-0.184	
7mzy	A	742	 	A	-	0.0	17	43	-1.353	2.722	H	-0.591	-1.302	-0.733	1.57	-0.146	A	822	 	G	-	0.0	31	41	-1.361	2.604	H	-0.384	1.652	1.33	1.045	2.064	
7mzy	A	900	 	A	-	0.0	29	23	1.158	0.313	L	-0.591	-1.302	-0.733	1.57	-0.146	A	923	 	G	T	0.0	40	34	1.709	0.173	L	-0.384	1.652	1.33	1.045	2.064	HBOND
7mzy	B	778	 	Q	-	0.217	16	43	-1.077	2.482	H	0.931	-0.179	-3.005	-0.503	-1.853	B	976	 	H	S	0.348	17	33	-1.215	2.876	H	0.336	-0.417	-1.673	-1.474	-0.078	HBOND
7mzy	B	803	 	E	H	0.418	6	11	-1.161	-0.71	H	1.357	-1.453	1.477	0.113	-0.837	B	807	 	V	H	0.761	8	5	-1.075	-0.688	H	-1.337	-0.279	-0.544	1.242	-1.262	HBOND
7mzy	B	803	 	E	H	0.418	6	11	-1.161	-0.71	H	1.357	-1.453	1.477	0.113	-0.837	B	807	 	V	H	0.761	8	5	-1.075	-0.688	H	-1.337	-0.279	-0.544	1.242	-1.262	VDW
7mzy	A	940	 	G	-	0.036	33	24	-1.255	2.49	H	-0.384	1.652	1.33	1.045	2.064	A	953	 	E	-	0.381	20	36	-1.366	2.642	H	1.357	-1.453	1.477	0.113	-0.837	
7mzy	B	894	 	K	-	0.424	14	39	-1.394	2.633	H	1.831	-0.561	0.533	-0.277	1.648	B	923	 	G	T	0.0	40	33	1.673	0.174	L	-0.384	1.652	1.33	1.045	2.064	
7mzy	B	838	 	L	E	0.024	21	22	-1.887	-0.938	H	-1.019	-0.987	-1.505	1.266	-0.912	B	960	 	S	-	0.069	14	17	-1.232	2.582	H	-0.228	1.399	-4.76	0.67	-2.647	HBOND
7mzy	B	838	 	L	E	0.024	21	22	-1.887	-0.938	H	-1.019	-0.987	-1.505	1.266	-0.912	B	960	 	S	-	0.069	14	17	-1.232	2.582	H	-0.228	1.399	-4.76	0.67	-2.647	VDW
7mzy	A	829	 	K	E	0.249	14	17	-2.241	2.998	H	1.831	-0.561	0.533	-0.277	1.648	A	835	 	P	E	0.206	13	11	-1.116	2.409	H	0.189	2.081	-1.628	0.421	-1.392	
7mzy	A	917	 	T	-	0.0	37	16	-2.206	1.623	H	-0.032	0.326	2.213	0.908	1.313	A	927	 	G	-	0.0	33	36	-1.466	2.743	H	-0.384	1.652	1.33	1.045	2.064	HBOND
7mzy	B	755	 	H	-	0.234	13	33	-1.337	2.684	H	0.336	-0.417	-1.673	-1.474	-0.078	B	973	 	M	E	0.154	27	12	-1.713	2.125	H	-0.663	-1.524	2.219	-1.005	1.212	VDW
7mzy	B	909	 	A	H	0.0	24	10	-1.12	-0.693	H	-0.591	-1.302	-0.733	1.57	-0.146	B	913	 	W	H	0.115	14	11	-2.656	0.305	H	-0.595	0.009	0.672	-2.128	-0.184	
7mzy	A	738	 	G	E	0.0	26	25	-2.192	2.494	H	-0.384	1.652	1.33	1.045	2.064	A	841	 	A	E	0.0	31	33	-1.944	2.031	H	-0.591	-1.302	-0.733	1.57	-0.146	
7mzy	A	800	 	V	H	0.211	11	11	-1.086	-0.631	H	-1.337	-0.279	-0.544	1.242	-1.262	A	804	 	E	H	0.113	12	8	-1.115	-0.704	H	1.357	-1.453	1.477	0.113	-0.837	HBOND
7mzy	A	800	 	V	H	0.211	11	11	-1.086	-0.631	H	-1.337	-0.279	-0.544	1.242	-1.262	A	804	 	E	H	0.113	12	8	-1.115	-0.704	H	1.357	-1.453	1.477	0.113	-0.837	VDW
7mzy	A	893	 	G	-	0.0	46	19	-1.216	2.452	H	-0.384	1.652	1.33	1.045	2.064	A	923	 	G	T	0.0	40	34	1.709	0.173	L	-0.384	1.652	1.33	1.045	2.064	
7mzy	A	881	 	G	-	0.0	36	31	-1.33	2.542	H	-0.384	1.652	1.33	1.045	2.064	A	923	 	G	T	0.0	40	34	1.709	0.173	L	-0.384	1.652	1.33	1.045	2.064	HBOND
7mzy	B	826	 	Y	E	0.0	27	33	-2.142	2.257	H	0.26	0.83	3.097	-0.838	1.512	B	922	 	G	T	0.0	40	33	1.716	0.349	L	-0.384	1.652	1.33	1.045	2.064	
7mzy	B	869	 	G	-	0.06	24	12	-1.547	1.349	H	-0.384	1.652	1.33	1.045	2.064	B	937	 	Y	S	0.023	22	33	-1.182	-0.8	H	0.26	0.83	3.097	-0.838	1.512	VDW
7mzy	B	751	 	M	S	0.362	18	4	-1.408	1.856	H	-0.663	-1.524	2.219	-1.005	1.212	B	851	 	A	-	0.321	22	6	-0.863			-0.591	-1.302	-0.733	1.57	-0.146	
7mzy	A	734	 	Y	E	0.005	18	13	-2.066	2.585	H	0.26	0.83	3.097	-0.838	1.512	A	983	 	H	E	0.065	12	13	-2.669	2.93	H	0.336	-0.417	-1.673	-1.474	-0.078	PIPISTACK
7mzy	A	734	 	Y	E	0.005	18	13	-2.066	2.585	H	0.26	0.83	3.097	-0.838	1.512	A	983	 	H	E	0.065	12	13	-2.669	2.93	H	0.336	-0.417	-1.673	-1.474	-0.078	VDW
7mzy	A	801	 	I	H	0.0	22	12	-1.204	-0.783	H	-1.239	-0.547	2.131	0.393	0.816	A	805	 	I	H	0.325	12	11	-1.103	-0.625	H	-1.239	-0.547	2.131	0.393	0.816	HBOND
7mzy	A	801	 	I	H	0.0	22	12	-1.204	-0.783	H	-1.239	-0.547	2.131	0.393	0.816	A	805	 	I	H	0.325	12	11	-1.103	-0.625	H	-1.239	-0.547	2.131	0.393	0.816	VDW
7mzy	B	702	 	N	H	0.573	5	19	-1.091	-0.744	H	0.945	0.828	1.299	-0.169	0.933	B	706	 	Q	T	0.601	6	9	-1.072	2.446	H	0.931	-0.179	-3.005	-0.503	-1.853	HBOND
7mzy	B	702	 	N	H	0.573	5	19	-1.091	-0.744	H	0.945	0.828	1.299	-0.169	0.933	B	706	 	Q	T	0.601	6	9	-1.072	2.446	H	0.931	-0.179	-3.005	-0.503	-1.853	VDW
7mzy	B	780	 	E	-	0.289	24	28	-1.256	2.5	H	1.357	-1.453	1.477	0.113	-0.837	B	819	 	G	-	0.0	32	32	-1.296	2.658	H	-0.384	1.652	1.33	1.045	2.064	
7mzy	A	847	 	R	-	0.012	22	37	-1.376	2.445	H	1.538	-0.055	1.502	0.44	2.897	A	853	 	T	S	0.725	2	16	-2.322	2.754	H	-0.032	0.326	2.213	0.908	1.313	HBOND
7mzy	A	755	 	H	-	0.103	14	33	-1.412	2.737	H	0.336	-0.417	-1.673	-1.474	-0.078	A	971	 	K	E	0.107	20	21	-1.113	2.456	H	1.831	-0.561	0.533	-0.277	1.648	HBOND
7mzy	A	700	 	Q	H	0.348	12	11	-1.037	-0.776	H	0.931	-0.179	-3.005	-0.503	-1.853	A	703	 	N	H	0.682	9	11	-1.179	-0.782	H	0.945	0.828	1.299	-0.169	0.933	HBOND
7mzy	A	700	 	Q	H	0.348	12	11	-1.037	-0.776	H	0.931	-0.179	-3.005	-0.503	-1.853	A	703	 	N	H	0.682	9	11	-1.179	-0.782	H	0.945	0.828	1.299	-0.169	0.933	VDW
7mzy	B	831	 	K	E	0.444	5	9	-2.338	1.998	H	1.831	-0.561	0.533	-0.277	1.648	B	834	 	V	E	0.606	3	8	-1.91	2.331	H	-1.337	-0.279	-0.544	1.242	-1.262	HBOND
7mzy	B	831	 	K	E	0.444	5	9	-2.338	1.998	H	1.831	-0.561	0.533	-0.277	1.648	B	834	 	V	E	0.606	3	8	-1.91	2.331	H	-1.337	-0.279	-0.544	1.242	-1.262	VDW
7mzy	B	824	 	A	-	0.0	31	39	-1.344	2.819	H	-0.591	-1.302	-0.733	1.57	-0.146	B	841	 	A	E	0.0	31	33	-1.963	2.012	H	-0.591	-1.302	-0.733	1.57	-0.146	
7mzy	A	892	 	A	S	0.085	16	39	-1.294	2.469	H	-0.591	-1.302	-0.733	1.57	-0.146	A	903	 	G	-	0.012	40	15	-1.268	2.674	H	-0.384	1.652	1.33	1.045	2.064	
7mzy	A	885	 	D	-	0.233	21	6	-2.586	3.117	H	1.05	0.302	-3.656	-0.259	-3.242	A	898	 	E	G	0.268	19	11	-1.732	-0.01	H	1.357	-1.453	1.477	0.113	-0.837	
7mzy	B	826	 	Y	E	0.0	27	33	-2.142	2.257	H	0.26	0.83	3.097	-0.838	1.512	B	936	 	G	S	0.0	32	37	-3.101	-2.91	H	-0.384	1.652	1.33	1.045	2.064	VDW
7mzy	A	842	 	A	-	0.009	28	37	-1.193	2.671	H	-0.591	-1.302	-0.733	1.57	-0.146	A	935	 	G	-	0.0	40	36	-1.193	2.849	H	-0.384	1.652	1.33	1.045	2.064	
7mzy	B	720	 	L	G	0.305	12	20	-1.663	0.09	H	-1.019	-0.987	-1.505	1.266	-0.912	B	723	 	I	-	0.006	22	22	-1.611	2.3	H	-1.239	-0.547	2.131	0.393	0.816	HBOND
7mzy	B	720	 	L	G	0.305	12	20	-1.663	0.09	H	-1.019	-0.987	-1.505	1.266	-0.912	B	723	 	I	-	0.006	22	22	-1.611	2.3	H	-1.239	-0.547	2.131	0.393	0.816	VDW
7mzy	A	883	 	W	S	0.084	21	29	-1.37	-0.75	H	-0.595	0.009	0.672	-2.128	-0.184	A	937	 	Y	S	0.032	22	33	-1.115	-0.806	H	0.26	0.83	3.097	-0.838	1.512	PIPISTACK
7mzy	A	883	 	W	S	0.084	21	29	-1.37	-0.75	H	-0.595	0.009	0.672	-2.128	-0.184	A	937	 	Y	S	0.032	22	33	-1.115	-0.806	H	0.26	0.83	3.097	-0.838	1.512	HBOND
7mzy	A	883	 	W	S	0.084	21	29	-1.37	-0.75	H	-0.595	0.009	0.672	-2.128	-0.184	A	937	 	Y	S	0.032	22	33	-1.115	-0.806	H	0.26	0.83	3.097	-0.838	1.512	VDW
7mzy	A	891	 	W	T	0.203	24	22	-1.568	-0.178	H	-0.595	0.009	0.672	-2.128	-0.184	A	904	 	H	-	0.364	10	36	-1.301	3.064	H	0.336	-0.417	-1.673	-1.474	-0.078	VDW
7mzy	A	905	 	S	-	0.054	27	25	-1.544	3.009	H	-0.228	1.399	-4.76	0.67	-2.647	A	917	 	T	-	0.0	37	16	-2.206	1.623	H	-0.032	0.326	2.213	0.908	1.313	
7mzy	A	773	 	I	E	0.0	25	27	-2.113	2.105	H	-1.239	-0.547	2.131	0.393	0.816	A	826	 	Y	E	0.0	28	34	-2.137	2.317	H	0.26	0.83	3.097	-0.838	1.512	
7mzy	A	725	 	I	E	0.101	13	19	-1.864	2.211	H	-1.239	-0.547	2.131	0.393	0.816	A	771	 	L	E	0.012	20	16	-1.797	2.618	H	-1.019	-0.987	-1.505	1.266	-0.912	
7mzy	B	753	 	R	-	0.101	28	16	-1.409	2.671	H	1.538	-0.055	1.502	0.44	2.897	B	974	 	E	S	0.552	7	26	-1.674	-0.067	H	1.357	-1.453	1.477	0.113	-0.837	
7mzy	B	846	 	G	-	0.0	40	26	-1.337	2.606	H	-0.384	1.652	1.33	1.045	2.064	B	951	 	D	-	0.387	17	35	-1.192	2.757	H	1.05	0.302	-3.656	-0.259	-3.242	
7mzy	B	740	 	G	-	0.0	38	24	-1.385	2.935	H	-0.384	1.652	1.33	1.045	2.064	B	756	 	G	E	0.0	36	23	-1.246	2.837	H	-0.384	1.652	1.33	1.045	2.064	
7mzy	A	731	 	T	S	0.669	1	17	-1.136	2.052	H	-0.032	0.326	2.213	0.908	1.313	A	765	 	L	E	0.043	20	7	-2.024	2.73	H	-1.019	-0.987	-1.505	1.266	-0.912	VDW
7mzy	B	827	 	V	E	0.007	25	26	-2.093	2.167	H	-1.337	-0.279	-0.544	1.242	-1.262	B	838	 	L	E	0.024	21	22	-1.887	-0.938	H	-1.019	-0.987	-1.505	1.266	-0.912	HBOND
7mzy	B	895	 	S	-	0.0	16	31	-1.245	2.887	H	-0.228	1.399	-4.76	0.67	-2.647	B	898	 	E	G	0.284	20	11	-1.64	0.049	H	1.357	-1.453	1.477	0.113	-0.837	HBOND
7mzy	B	895	 	S	-	0.0	16	31	-1.245	2.887	H	-0.228	1.399	-4.76	0.67	-2.647	B	898	 	E	G	0.284	20	11	-1.64	0.049	H	1.357	-1.453	1.477	0.113	-0.837	VDW
7mzy	A	858	 	P	-	0.654	11	15	-1.213	2.637	H	0.189	2.081	-1.628	0.421	-1.392	B	966	 	Y	-	0.113	21	14	-1.373	-0.576	H	0.26	0.83	3.097	-0.838	1.512	
7mzy	B	742	 	A	-	0.0	15	42	-1.235	2.743	H	-0.591	-1.302	-0.733	1.57	-0.146	B	778	 	Q	-	0.217	16	43	-1.077	2.482	H	0.931	-0.179	-3.005	-0.503	-1.853	
7mzy	B	931	 	G	-	0.0	30	37	-1.549	2.632	H	-0.384	1.652	1.33	1.045	2.064	B	950	 	M	-	0.436	19	15	-1.751	1.945	H	-0.663	-1.524	2.219	-1.005	1.212	HBOND
7mzy	A	733	 	T	E	0.43	6	17	-1.67	2.201	H	-0.032	0.326	2.213	0.908	1.313	A	762	 	I	E	0.237	7	21	-1.911	2.3	H	-1.239	-0.547	2.131	0.393	0.816	VDW
7mzy	B	871	 	N	-	0.191	25	20	-1.212	2.761	H	0.945	0.828	1.299	-0.169	0.933	B	887	 	T	-	0.197	28	5	-1.705	2.245	H	-0.032	0.326	2.213	0.908	1.313	HBOND
7mzy	B	903	 	G	-	0.012	39	15	-1.104	2.666	H	-0.384	1.652	1.33	1.045	2.064	B	918	 	R	-	0.085	17	42	-1.541	2.759	H	1.538	-0.055	1.502	0.44	2.897	HBOND
7mzy	B	903	 	G	-	0.012	39	15	-1.104	2.666	H	-0.384	1.652	1.33	1.045	2.064	B	918	 	R	-	0.085	17	42	-1.541	2.759	H	1.538	-0.055	1.502	0.44	2.897	VDW
7mzy	A	870	 	L	-	0.396	8	27	-1.878	2.93	H	-1.019	-0.987	-1.505	1.266	-0.912	A	939	 	G	-	0.024	34	23	-1.303	2.708	H	-0.384	1.652	1.33	1.045	2.064	HBOND
7mzy	A	870	 	L	-	0.396	8	27	-1.878	2.93	H	-1.019	-0.987	-1.505	1.266	-0.912	A	939	 	G	-	0.024	34	23	-1.303	2.708	H	-0.384	1.652	1.33	1.045	2.064	VDW
7mzy	A	881	 	G	-	0.0	36	31	-1.33	2.542	H	-0.384	1.652	1.33	1.045	2.064	A	936	 	G	S	0.0	33	37	3.136	-2.908	L	-0.384	1.652	1.33	1.045	2.064	HBOND
7mzy	A	867	 	V	S	0.268	12	5	-1.225	2.333	H	-1.337	-0.279	-0.544	1.242	-1.262	A	937	 	Y	S	0.032	22	33	-1.115	-0.806	H	0.26	0.83	3.097	-0.838	1.512	
7mzy	B	885	 	D	-	0.264	21	6	-2.677	-3.131	H	1.05	0.302	-3.656	-0.259	-3.242	B	895	 	S	-	0.0	16	31	-1.245	2.887	H	-0.228	1.399	-4.76	0.67	-2.647	HBOND
7mzy	A	683	 	W	E	0.053	16	12	-2.176	2.329	H	-0.595	0.009	0.672	-2.128	-0.184	A	709	 	N	S	0.771	6	12	-1.509	0.225	H	0.945	0.828	1.299	-0.169	0.933	HBOND
7mzy	B	699	 	A	H	0.651	0	22	-1.16	-0.643	H	-0.591	-1.302	-0.733	1.57	-0.146	B	702	 	N	H	0.573	5	19	-1.091	-0.744	H	0.945	0.828	1.299	-0.169	0.933	HBOND
7mzy	A	745	 	K	-	0.415	9	39	-1.521	2.761	H	1.831	-0.561	0.533	-0.277	1.648	A	781	 	D	-	0.337	11	35	-1.412	2.547	H	1.05	0.302	-3.656	-0.259	-3.242	HBOND
7mzy	A	720	 	L	G	0.305	11	20	-1.599	0.055	H	-1.019	-0.987	-1.505	1.266	-0.912	A	723	 	I	-	0.0	22	22	-1.627	2.327	H	-1.239	-0.547	2.131	0.393	0.816	HBOND
7mzy	A	682	 	H	E	0.44	6	16	-2.348	2.341	H	0.336	-0.417	-1.673	-1.474	-0.078	A	980	 	N	E	0.121	8	24	-2.07	2.177	H	0.945	0.828	1.299	-0.169	0.933	HBOND
7mzy	A	682	 	H	E	0.44	6	16	-2.348	2.341	H	0.336	-0.417	-1.673	-1.474	-0.078	A	980	 	N	E	0.121	8	24	-2.07	2.177	H	0.945	0.828	1.299	-0.169	0.933	VDW
7mzy	B	824	 	A	-	0.0	31	39	-1.344	2.819	H	-0.591	-1.302	-0.733	1.57	-0.146	B	935	 	G	-	0.0	38	37	-1.155	2.871	H	-0.384	1.652	1.33	1.045	2.064	
7mzy	A	819	 	G	-	0.0	31	31	-1.352	2.708	H	-0.384	1.652	1.33	1.045	2.064	A	847	 	R	-	0.012	22	37	-1.376	2.445	H	1.538	-0.055	1.502	0.44	2.897	HBOND
7mzy	A	819	 	G	-	0.0	31	31	-1.352	2.708	H	-0.384	1.652	1.33	1.045	2.064	A	847	 	R	-	0.012	22	37	-1.376	2.445	H	1.538	-0.055	1.502	0.44	2.897	VDW
7mzy	A	845	 	G	-	0.012	25	42	-1.316	2.657	H	-0.384	1.652	1.33	1.045	2.064	A	952	 	G	-	0.083	46	18	-1.297	2.628	H	-0.384	1.652	1.33	1.045	2.064	
7mzy	B	802	 	E	H	0.32	8	19	-1.039	-0.669	H	1.357	-1.453	1.477	0.113	-0.837	B	849	 	Y	T	0.018	21	25	-0.901	-0.813	H	0.26	0.83	3.097	-0.838	1.512	HBOND
7mzy	A	761	 	G	E	0.0	20	16	-2.407	2.796	H	-0.384	1.652	1.33	1.045	2.064	A	839	 	I	E	0.006	30	24	-2.403	2.4	H	-1.239	-0.547	2.131	0.393	0.816	VDW
7mzy	A	699	 	A	H	0.66	0	22	-1.055	-0.785	H	-0.591	-1.302	-0.733	1.57	-0.146	A	702	 	N	H	0.535	5	19	-1.001	-0.74	H	0.945	0.828	1.299	-0.169	0.933	HBOND
7mzy	A	699	 	A	H	0.66	0	22	-1.055	-0.785	H	-0.591	-1.302	-0.733	1.57	-0.146	A	702	 	N	H	0.535	5	19	-1.001	-0.74	H	0.945	0.828	1.299	-0.169	0.933	VDW
7mzy	B	816	 	G	-	0.024	22	31	2.267	3.048	L	-0.384	1.652	1.33	1.045	2.064	B	929	 	S	S	0.0	17	38	-1.487	-0.625	H	-0.228	1.399	-4.76	0.67	-2.647	HBOND
7mzy	B	816	 	G	-	0.024	22	31	2.267	3.048	L	-0.384	1.652	1.33	1.045	2.064	B	929	 	S	S	0.0	17	38	-1.487	-0.625	H	-0.228	1.399	-4.76	0.67	-2.647	VDW
7mzy	B	890	 	L	T	0.713	6	20	-1.003	-0.63	H	-1.019	-0.987	-1.505	1.266	-0.912	B	904	 	H	-	0.321	10	36	-1.211	2.878	H	0.336	-0.417	-1.673	-1.474	-0.078	HBOND
7mzy	A	845	 	G	-	0.012	25	42	-1.316	2.657	H	-0.384	1.652	1.33	1.045	2.064	A	932	 	G	-	0.0	42	36	-1.36	2.647	H	-0.384	1.652	1.33	1.045	2.064	
7mzy	B	780	 	E	-	0.289	24	28	-1.256	2.5	H	1.357	-1.453	1.477	0.113	-0.837	B	918	 	R	-	0.085	17	42	-1.541	2.759	H	1.538	-0.055	1.502	0.44	2.897	HBOND
7mzy	B	780	 	E	-	0.289	24	28	-1.256	2.5	H	1.357	-1.453	1.477	0.113	-0.837	B	918	 	R	-	0.085	17	42	-1.541	2.759	H	1.538	-0.055	1.502	0.44	2.897	VDW
7mzy	A	941	 	N	-	0.567	5	41	-1.291	2.431	H	0.945	0.828	1.299	-0.169	0.933	A	953	 	E	-	0.381	20	36	-1.366	2.642	H	1.357	-1.453	1.477	0.113	-0.837	HBOND
7mzy	A	941	 	N	-	0.567	5	41	-1.291	2.431	H	0.945	0.828	1.299	-0.169	0.933	A	953	 	E	-	0.381	20	36	-1.366	2.642	H	1.357	-1.453	1.477	0.113	-0.837	VDW
7mzy	B	741	 	A	-	0.0	35	25	-1.556	2.664	H	-0.591	-1.302	-0.733	1.57	-0.146	B	975	 	G	S	0.274	7	33	-2.222	-2.228	H	-0.384	1.652	1.33	1.045	2.064	VDW
7mzy	B	895	 	S	-	0.0	16	31	-1.245	2.887	H	-0.228	1.399	-4.76	0.67	-2.647	B	899	 	G	T	0.083	13	23	1.808	-0.085	L	-0.384	1.652	1.33	1.045	2.064	
7mzy	A	741	 	A	-	0.0	35	25	-1.633	2.74	H	-0.591	-1.302	-0.733	1.57	-0.146	A	843	 	G	-	0.012	44	30	-1.517	2.719	H	-0.384	1.652	1.33	1.045	2.064	VDW
7mzy	A	745	 	K	-	0.415	9	39	-1.521	2.761	H	1.831	-0.561	0.533	-0.277	1.648	A	819	 	G	-	0.0	31	31	-1.352	2.708	H	-0.384	1.652	1.33	1.045	2.064	
7mzy	B	719	 	P	G	0.529	7	18	-1.161	-0.183	H	0.189	2.081	-1.628	0.421	-1.392	B	899	 	G	T	0.083	13	23	1.808	-0.085	L	-0.384	1.652	1.33	1.045	2.064	
7mzy	A	971	 	K	E	0.107	20	21	-1.113	2.456	H	1.831	-0.561	0.533	-0.277	1.648	B	966	 	Y	-	0.113	21	14	-1.373	-0.576	H	0.26	0.83	3.097	-0.838	1.512	HBOND
7mzy	A	776	 	G	-	0.0	38	28	-1.143	2.604	H	-0.384	1.652	1.33	1.045	2.064	A	825	 	T	E	0.0	25	38	-1.796	2.27	H	-0.032	0.326	2.213	0.908	1.313	HBOND
7mzy	A	899	 	G	T	0.083	12	26	1.863	-0.06	L	-0.384	1.652	1.33	1.045	2.064	A	921	 	F	T	0.02	17	41	-0.854	2.413	H	-1.006	-0.59	1.891	-0.397	0.412	
7mzy	B	818	 	G	-	0.0	34	25	-1.487	2.478	H	-0.384	1.652	1.33	1.045	2.064	B	928	 	C	S	0.037	28	38	-2.142	-2.138	H	-1.343	0.465	-0.862	-1.02	-0.255	HBOND
7mzy	A	880	 	G	-	0.0	35	35	-1.295	2.671	H	-0.384	1.652	1.33	1.045	2.064	A	934	 	G	-	0.0	32	43	-1.411	2.64	H	-0.384	1.652	1.33	1.045	2.064	VDW
7mzy	B	752	 	M	-	0.697	6	18	-1.012	2.771	H	-0.663	-1.524	2.219	-1.005	1.212	B	847	 	R	-	0.157	21	35	-1.367	2.448	H	1.538	-0.055	1.502	0.44	2.897	HBOND
7mzy	A	819	 	G	-	0.0	31	31	-1.352	2.708	H	-0.384	1.652	1.33	1.045	2.064	A	846	 	G	-	0.0	41	27	-1.283	2.595	H	-0.384	1.652	1.33	1.045	2.064	VDW
7mzy	A	758	 	S	E	0.092	17	31	-2.072	2.622	H	-0.228	1.399	-4.76	0.67	-2.647	A	969	 	A	-	0.0	26	20	-1.577	1.908	H	-0.591	-1.302	-0.733	1.57	-0.146	
7mzy	B	830	 	M	E	0.351	8	11	-1.888	2.343	H	-0.663	-1.524	2.219	-1.005	1.212	B	834	 	V	E	0.606	3	8	-1.91	2.331	H	-1.337	-0.279	-0.544	1.242	-1.262	
7mzy	A	894	 	K	-	0.41	13	40	-1.383	2.673	H	1.831	-0.561	0.533	-0.277	1.648	A	901	 	T	-	0.211	12	38	-1.054	2.43	H	-0.032	0.326	2.213	0.908	1.313	HBOND
7mzy	B	863	 	N	-	0.599	9	18	-2.372	0.201	H	0.945	0.828	1.299	-0.169	0.933	B	959	 	I	E	0.059	18	24	-2.325	2.34	H	-1.239	-0.547	2.131	0.393	0.816	VDW
7mzy	B	920	 	G	-	0.0	36	30	-1.405	2.619	H	-0.384	1.652	1.33	1.045	2.064	B	923	 	G	T	0.0	40	33	1.673	0.174	L	-0.384	1.652	1.33	1.045	2.064	
7mzy	A	698	 	Q	H	0.308	9	19	-0.979	-0.753	H	0.931	-0.179	-3.005	-0.503	-1.853	A	714	 	V	E	0.056	15	15	-1.895	2.127	H	-1.337	-0.279	-0.544	1.242	-1.262	HBOND
7mzy	A	698	 	Q	H	0.308	9	19	-0.979	-0.753	H	0.931	-0.179	-3.005	-0.503	-1.853	A	714	 	V	E	0.056	15	15	-1.895	2.127	H	-1.337	-0.279	-0.544	1.242	-1.262	VDW
7mzy	A	775	 	V	-	0.021	21	39	-1.619	2.084	H	-1.337	-0.279	-0.544	1.242	-1.262	A	977	 	G	-	0.071	34	18	-1.375	-3.056	H	-0.384	1.652	1.33	1.045	2.064	VDW
7mzy	A	940	 	G	-	0.036	33	24	-1.255	2.49	H	-0.384	1.652	1.33	1.045	2.064	A	954	 	D	-	0.172	24	37	-1.139	2.735	H	1.05	0.302	-3.656	-0.259	-3.242	
7mzy	B	808	 	N	H	0.471	12	3	-1.987	-0.174	H	0.945	0.828	1.299	-0.169	0.933	B	812	 	H	S	0.663	4	24	-2.03	-0.583	H	0.336	-0.417	-1.673	-1.474	-0.078	
7mzy	B	877	 	A	S	0.0	41	20	-1.393	2.761	H	-0.591	-1.302	-0.733	1.57	-0.146	B	942	 	A	-	0.066	40	14	-1.721	2.802	H	-0.591	-1.302	-0.733	1.57	-0.146	
7mzy	A	869	 	G	-	0.071	20	14	-1.552	1.323	H	-0.384	1.652	1.33	1.045	2.064	A	937	 	Y	S	0.032	22	33	-1.115	-0.806	H	0.26	0.83	3.097	-0.838	1.512	
7mzy	A	776	 	G	-	0.0	38	28	-1.143	2.604	H	-0.384	1.652	1.33	1.045	2.064	A	921	 	F	T	0.02	17	41	-0.854	2.413	H	-1.006	-0.59	1.891	-0.397	0.412	
7mzy	A	882	 	G	-	0.0	15	38	-1.68	-2.757	H	-0.384	1.652	1.33	1.045	2.064	A	936	 	G	S	0.0	33	37	3.136	-2.908	L	-0.384	1.652	1.33	1.045	2.064	
7mzy	B	954	 	D	-	0.135	20	37	-1.211	2.774	H	1.05	0.302	-3.656	-0.259	-3.242	B	971	 	K	E	0.229	17	24	-1.31	2.221	H	1.831	-0.561	0.533	-0.277	1.648	IONIC
7mzy	B	954	 	D	-	0.135	20	37	-1.211	2.774	H	1.05	0.302	-3.656	-0.259	-3.242	B	971	 	K	E	0.229	17	24	-1.31	2.221	H	1.831	-0.561	0.533	-0.277	1.648	HBOND
7mzy	A	847	 	R	-	0.012	22	37	-1.376	2.445	H	1.538	-0.055	1.502	0.44	2.897	B	986	 	N	-	0.121	15	21	-1.192			0.945	0.828	1.299	-0.169	0.933	
7mzy	B	745	 	K	-	0.176	13	36	-1.58	2.843	H	1.831	-0.561	0.533	-0.277	1.648	B	782	 	A	S	0.038	28	20	-1.171	-0.626	H	-0.591	-1.302	-0.733	1.57	-0.146	HBOND
7mzy	B	774	 	L	E	0.0	37	23	-1.897	2.008	H	-1.019	-0.987	-1.505	1.266	-0.912	B	825	 	T	E	0.0	27	38	-1.854	2.292	H	-0.032	0.326	2.213	0.908	1.313	
7mzy	B	848	 	A	-	0.009	16	33	-1.215	2.805	H	-0.591	-1.302	-0.733	1.57	-0.146	B	851	 	A	-	0.321	22	6	-0.863			-0.591	-1.302	-0.733	1.57	-0.146	HBOND
7mzy	B	845	 	G	-	0.012	23	44	-1.228	2.67	H	-0.384	1.652	1.33	1.045	2.064	B	954	 	D	-	0.135	20	37	-1.211	2.774	H	1.05	0.302	-3.656	-0.259	-3.242	HBOND
7mzy	A	843	 	G	-	0.012	44	30	-1.517	2.719	H	-0.384	1.652	1.33	1.045	2.064	A	935	 	G	-	0.0	40	36	-1.193	2.849	H	-0.384	1.652	1.33	1.045	2.064	HBOND
7mzy	B	824	 	A	-	0.0	31	39	-1.344	2.819	H	-0.591	-1.302	-0.733	1.57	-0.146	B	922	 	G	T	0.0	40	33	1.716	0.349	L	-0.384	1.652	1.33	1.045	2.064	HBOND
7mzy	B	772	 	Y	E	0.158	18	19	-2.041	2.218	H	0.26	0.83	3.097	-0.838	1.512	B	828	 	F	E	0.005	18	22	-2.553	2.971	H	-1.006	-0.59	1.891	-0.397	0.412	PIPISTACK
7mzy	B	772	 	Y	E	0.158	18	19	-2.041	2.218	H	0.26	0.83	3.097	-0.838	1.512	B	828	 	F	E	0.005	18	22	-2.553	2.971	H	-1.006	-0.59	1.891	-0.397	0.412	HBOND
7mzy	A	746	 	G	-	0.083	23	22	-1.576	3.076	H	-0.384	1.652	1.33	1.045	2.064	A	817	 	G	-	0.0	21	34	1.666	-0.055	L	-0.384	1.652	1.33	1.045	2.064	
7mzy	A	683	 	W	E	0.053	16	12	-2.176	2.329	H	-0.595	0.009	0.672	-2.128	-0.184	A	980	 	N	E	0.121	8	24	-2.07	2.177	H	0.945	0.828	1.299	-0.169	0.933	
7mzy	A	965	 	L	E	0.201	19	14	-1.382	2.34	H	-1.019	-0.987	-1.505	1.266	-0.912	B	972	 	V	E	0.07	17	19	-2.55	-0.444	H	-1.337	-0.279	-0.544	1.242	-1.262	
7mzy	B	934	 	G	-	0.0	30	44	-1.41	2.63	H	-0.384	1.652	1.33	1.045	2.064	B	953	 	E	-	0.392	19	34	-1.465	2.668	H	1.357	-1.453	1.477	0.113	-0.837	HBOND
7mzy	B	934	 	G	-	0.0	30	44	-1.41	2.63	H	-0.384	1.652	1.33	1.045	2.064	B	953	 	E	-	0.392	19	34	-1.465	2.668	H	1.357	-1.453	1.477	0.113	-0.837	VDW
7mzy	A	844	 	G	-	0.0	30	41	-1.37	2.59	H	-0.384	1.652	1.33	1.045	2.064	A	954	 	D	-	0.172	24	37	-1.139	2.735	H	1.05	0.302	-3.656	-0.259	-3.242	
7mzy	B	696	 	P	-	0.029	23	16	-1.273	2.813	H	0.189	2.081	-1.628	0.421	-1.392	B	714	 	V	E	0.056	17	14	-1.868	2.234	H	-1.337	-0.279	-0.544	1.242	-1.262	
7mzy	A	792	 	K	H	0.463	7	13	-1.138	-0.544	H	1.831	-0.561	0.533	-0.277	1.648	A	798	 	N	-	0.223	12	7	-2.049	1.975	H	0.945	0.828	1.299	-0.169	0.933	HBOND
7mzy	A	792	 	K	H	0.463	7	13	-1.138	-0.544	H	1.831	-0.561	0.533	-0.277	1.648	A	798	 	N	-	0.223	12	7	-2.049	1.975	H	0.945	0.828	1.299	-0.169	0.933	VDW
7mzy	B	909	 	A	H	0.0	24	10	-1.12	-0.693	H	-0.591	-1.302	-0.733	1.57	-0.146	B	914	 	G	-	0.607	5	21	1.06	0.636	L	-0.384	1.652	1.33	1.045	2.064	
7mzy	B	829	 	K	E	0.263	13	18	-2.272	2.971	H	1.831	-0.561	0.533	-0.277	1.648	B	835	 	P	E	0.206	13	11	-1.247	2.442	H	0.189	2.081	-1.628	0.421	-1.392	
7mzy	B	907	 	P	H	0.456	4	29	-0.995	-0.639	H	0.189	2.081	-1.628	0.421	-1.392	B	911	 	K	H	0.873	7	10	-1.184	-0.749	H	1.831	-0.561	0.533	-0.277	1.648	HBOND
7mzy	B	710	 	L	-	0.067	20	7	-1.907	2.238	H	-1.019	-0.987	-1.505	1.266	-0.912	B	726	 	W	E	0.044	18	11	-2.261	2.333	H	-0.595	0.009	0.672	-2.128	-0.184	
7mzy	A	739	 	Y	E	0.27	20	34	-2.109	2.141	H	0.26	0.83	3.097	-0.838	1.512	A	757	 	V	E	0.007	26	29	-2.026	2.847	H	-1.337	-0.279	-0.544	1.242	-1.262	
7mzy	A	879	 	G	-	0.0	19	43	-1.25	2.819	H	-0.384	1.652	1.33	1.045	2.064	A	893	 	G	-	0.0	46	19	-1.216	2.452	H	-0.384	1.652	1.33	1.045	2.064	HBOND
7mzy	B	919	 	G	-	0.0	41	26	-1.245	2.773	H	-0.384	1.652	1.33	1.045	2.064	B	925	 	G	-	0.0	40	36	-1.35	2.598	H	-0.384	1.652	1.33	1.045	2.064	
7mzy	B	739	 	Y	E	0.059	23	33	-2.296	2.153	H	0.26	0.83	3.097	-0.838	1.512	B	758	 	S	E	0.008	20	33	-1.735	2.469	H	-0.228	1.399	-4.76	0.67	-2.647	VDW
7mzy	A	737	 	S	E	0.138	15	28	-2.009	2.344	H	-0.228	1.399	-4.76	0.67	-2.647	A	760	 	L	E	0.146	10	29	-2.206	2.394	H	-1.019	-0.987	-1.505	1.266	-0.912	VDW
7mzy	B	701	 	C	H	0.0	19	12	-1.215	-0.607	H	-1.343	0.465	-0.862	-1.02	-0.255	B	705	 	Y	T	0.081	17	6	-1.696	0.074	H	0.26	0.83	3.097	-0.838	1.512	VDW
7mzy	B	933	 	G	-	0.0	29	43	-1.412	2.627	H	-0.384	1.652	1.33	1.045	2.064	B	953	 	E	-	0.392	19	34	-1.465	2.668	H	1.357	-1.453	1.477	0.113	-0.837	
7mzy	B	774	 	L	E	0.0	37	23	-1.897	2.008	H	-1.019	-0.987	-1.505	1.266	-0.912	B	921	 	F	T	0.02	19	39	-0.877	2.429	H	-1.006	-0.59	1.891	-0.397	0.412	VDW
7mzy	A	734	 	Y	E	0.005	18	13	-2.066	2.585	H	0.26	0.83	3.097	-0.838	1.512	A	982	 	K	E	0.371	10	20	-2.527	2.625	H	1.831	-0.561	0.533	-0.277	1.648	VDW
7mzy	A	966	 	Y	-	0.685	12	19	-2.009	-0.315	H	0.26	0.83	3.097	-0.838	1.512	B	972	 	V	E	0.07	17	19	-2.55	-0.444	H	-1.337	-0.279	-0.544	1.242	-1.262	
7mzy	A	716	 	S	-	0.654	3	16	-1.951	-0.319	H	-0.228	1.399	-4.76	0.67	-2.647	A	721	 	K	B	0.585	11	17	-1.042	2.23	H	1.831	-0.561	0.533	-0.277	1.648	HBOND
7mzy	A	716	 	S	-	0.654	3	16	-1.951	-0.319	H	-0.228	1.399	-4.76	0.67	-2.647	A	721	 	K	B	0.585	11	17	-1.042	2.23	H	1.831	-0.561	0.533	-0.277	1.648	VDW
7mzy	B	900	 	A	-	0.0	29	23	1.184	0.267	L	-0.591	-1.302	-0.733	1.57	-0.146	B	922	 	G	T	0.0	40	33	1.716	0.349	L	-0.384	1.652	1.33	1.045	2.064	HBOND
7mzy	B	694	 	H	S	0.576	5	35	-2.013	2.442	H	0.336	-0.417	-1.673	-1.474	-0.078	B	777	 	Q	-	0.0	21	35	-1.947	2.57	H	0.931	-0.179	-3.005	-0.503	-1.853	HBOND
7mzy	B	930	 	S	S	0.0	24	29	-1.321	2.853	H	-0.228	1.399	-4.76	0.67	-2.647	B	946	 	N	-	0.14	19	20	-1.552	0.979	H	0.945	0.828	1.299	-0.169	0.933	HBOND
7mzy	B	687	 	T	-	0.056	22	22	-1.381	0.106	H	-0.032	0.326	2.213	0.908	1.313	B	696	 	P	-	0.029	23	16	-1.273	2.813	H	0.189	2.081	-1.628	0.421	-1.392	
7mzy	B	887	 	T	-	0.197	28	5	-1.705	2.245	H	-0.032	0.326	2.213	0.908	1.313	B	898	 	E	G	0.284	20	11	-1.64	0.049	H	1.357	-1.453	1.477	0.113	-0.837	
7mzy	B	819	 	G	-	0.0	32	32	-1.296	2.658	H	-0.384	1.652	1.33	1.045	2.064	B	846	 	G	-	0.0	40	26	-1.337	2.606	H	-0.384	1.652	1.33	1.045	2.064	
7mzy	B	867	 	V	S	0.401	9	7	-1.5	1.988	H	-1.337	-0.279	-0.544	1.242	-1.262	B	937	 	Y	S	0.023	22	33	-1.182	-0.8	H	0.26	0.83	3.097	-0.838	1.512	
7mzy	B	874	 	S	-	0.2	24	20	-1.823	2.454	H	-0.228	1.399	-4.76	0.67	-2.647	B	892	 	A	S	0.094	19	38	-1.355	2.489	H	-0.591	-1.302	-0.733	1.57	-0.146	
7mzy	A	889	 	L	-	0.512	21	8	-1.441	2.453	H	-1.019	-0.987	-1.505	1.266	-0.912	A	892	 	A	S	0.085	16	39	-1.294	2.469	H	-0.591	-1.302	-0.733	1.57	-0.146	HBOND
7mzy	A	752	 	M	-	0.388	10	18	-0.806	2.32	H	-0.663	-1.524	2.219	-1.005	1.212	A	847	 	R	-	0.012	22	37	-1.376	2.445	H	1.538	-0.055	1.502	0.44	2.897	HBOND
7mzy	A	772	 	Y	E	0.14	17	20	-2.072	2.104	H	0.26	0.83	3.097	-0.838	1.512	A	828	 	F	E	0.01	18	22	-2.516	2.936	H	-1.006	-0.59	1.891	-0.397	0.412	PIPISTACK
7mzy	A	772	 	Y	E	0.14	17	20	-2.072	2.104	H	0.26	0.83	3.097	-0.838	1.512	A	828	 	F	E	0.01	18	22	-2.516	2.936	H	-1.006	-0.59	1.891	-0.397	0.412	HBOND
7mzy	A	772	 	Y	E	0.14	17	20	-2.072	2.104	H	0.26	0.83	3.097	-0.838	1.512	A	828	 	F	E	0.01	18	22	-2.516	2.936	H	-1.006	-0.59	1.891	-0.397	0.412	VDW
7mzy	B	737	 	S	E	0.077	19	29	-1.95	2.108	H	-0.228	1.399	-4.76	0.67	-2.647	B	979	 	V	E	0.0	24	18	-2.279	2.35	H	-1.337	-0.279	-0.544	1.242	-1.262	VDW
7mzy	A	686	 	T	-	0.31	13	26	-2.195	-3.012	H	-0.032	0.326	2.213	0.908	1.313	A	724	 	Q	E	0.005	25	18	-1.637	2.159	H	0.931	-0.179	-3.005	-0.503	-1.853	HBOND
7mzy	B	848	 	A	-	0.009	16	33	-1.215	2.805	H	-0.591	-1.302	-0.733	1.57	-0.146	B	950	 	M	-	0.436	19	15	-1.751	1.945	H	-0.663	-1.524	2.219	-1.005	1.212	
7mzy	A	785	 	S	-	0.238	19	4	-2.401	2.59	H	-0.228	1.399	-4.76	0.67	-2.647	A	790	 	I	H	0.006	18	14	-1.118	-0.728	H	-1.239	-0.547	2.131	0.393	0.816	
7mzy	A	837	 	P	E	0.066	23	17	-1.347	2.428	H	0.189	2.081	-1.628	0.421	-1.392	A	883	 	W	S	0.084	21	29	-1.37	-0.75	H	-0.595	0.009	0.672	-2.128	-0.184	VDW
7mzy	B	735	 	S	E	0.185	18	18	-1.692	2.378	H	-0.228	1.399	-4.76	0.67	-2.647	B	761	 	G	E	0.012	19	24	-2.307	2.857	H	-0.384	1.652	1.33	1.045	2.064	
7mzy	A	739	 	Y	E	0.27	20	34	-2.109	2.141	H	0.26	0.83	3.097	-0.838	1.512	A	977	 	G	-	0.071	34	18	-1.375	-3.056	H	-0.384	1.652	1.33	1.045	2.064	
7mzy	A	871	 	N	-	0.197	26	21	-1.19	2.698	H	0.945	0.828	1.299	-0.169	0.933	A	887	 	T	-	0.197	30	3	-1.852	2.25	H	-0.032	0.326	2.213	0.908	1.313	HBOND
7mzy	B	940	 	G	-	0.012	34	23	-1.215	2.486	H	-0.384	1.652	1.33	1.045	2.064	B	953	 	E	-	0.392	19	34	-1.465	2.668	H	1.357	-1.453	1.477	0.113	-0.837	
7mzy	A	908	 	Q	H	0.278	12	14	-1.203	-0.665	H	0.931	-0.179	-3.005	-0.503	-1.853	A	912	 	K	H	0.322	15	5	-1.241	-0.772	H	1.831	-0.561	0.533	-0.277	1.648	HBOND
7mzy	B	792	 	K	H	0.537	6	13	-1.163	-0.606	H	1.831	-0.561	0.533	-0.277	1.648	B	796	 	G	T	0.583	4	16	1.565	0.283	L	-0.384	1.652	1.33	1.045	2.064	
7mzy	B	793	 	V	H	0.028	21	11	-1.081	-0.796	H	-1.337	-0.279	-0.544	1.242	-1.262	B	796	 	G	T	0.583	4	16	1.565	0.283	L	-0.384	1.652	1.33	1.045	2.064	HBOND
7mzy	A	931	 	G	-	0.0	30	38	-1.58	2.621	H	-0.384	1.652	1.33	1.045	2.064	A	952	 	G	-	0.083	46	18	-1.297	2.628	H	-0.384	1.652	1.33	1.045	2.064	
7mzy	B	869	 	G	-	0.06	24	12	-1.547	1.349	H	-0.384	1.652	1.33	1.045	2.064	B	884	 	N	S	0.516	8	25	-2.638	1.877	H	0.945	0.828	1.299	-0.169	0.933	HBOND
7mzy	B	777	 	Q	-	0.0	21	35	-1.947	2.57	H	0.931	-0.179	-3.005	-0.503	-1.853	B	920	 	G	-	0.0	36	30	-1.405	2.619	H	-0.384	1.652	1.33	1.045	2.064	
7mzy	A	821	 	G	-	0.0	43	36	-1.247	2.606	H	-0.384	1.652	1.33	1.045	2.064	A	925	 	G	-	0.0	39	37	-1.396	2.608	H	-0.384	1.652	1.33	1.045	2.064	HBOND
7mzy	A	818	 	G	-	0.0	34	24	-1.526	2.509	H	-0.384	1.652	1.33	1.045	2.064	A	847	 	R	-	0.012	22	37	-1.376	2.445	H	1.538	-0.055	1.502	0.44	2.897	VDW
7mzy	B	871	 	N	-	0.191	25	20	-1.212	2.761	H	0.945	0.828	1.299	-0.169	0.933	B	885	 	D	-	0.264	21	6	-2.677	-3.131	H	1.05	0.302	-3.656	-0.259	-3.242	HBOND
7mzy	B	871	 	N	-	0.191	25	20	-1.212	2.761	H	0.945	0.828	1.299	-0.169	0.933	B	885	 	D	-	0.264	21	6	-2.677	-3.131	H	1.05	0.302	-3.656	-0.259	-3.242	VDW
7mzy	A	725	 	I	E	0.101	13	19	-1.864	2.211	H	-1.239	-0.547	2.131	0.393	0.816	A	770	 	M	E	0.41	9	17	-1.885	2.157	H	-0.663	-1.524	2.219	-1.005	1.212	VDW
7mzy	A	868	 	L	-	0.78	4	16	-1.164	2.092	H	-1.019	-0.987	-1.505	1.266	-0.912	A	938	 	I	B	0.16	13	34	-1.951	2.273	H	-1.239	-0.547	2.131	0.393	0.816	VDW
7mzy	B	705	 	Y	T	0.081	17	6	-1.696	0.074	H	0.26	0.83	3.097	-0.838	1.512	B	708	 	S	S	0.462	13	3	-1.914	3.115	H	-0.228	1.399	-4.76	0.67	-2.647	HBOND
7mzy	B	859	 	E	-	0.351	17	12	-1.203	2.28	H	1.357	-1.453	1.477	0.113	-0.837	B	970	 	L	E	0.317	15	22	-2.59	2.363	H	-1.019	-0.987	-1.505	1.266	-0.912	
7mzy	A	679	 	P	-	0.441	3	6	-1.378	0.064	H	0.189	2.081	-1.628	0.421	-1.392	A	985	 	L	-	0.982	6	9	-1.16			-1.019	-0.987	-1.505	1.266	-0.912	HBOND
7mzy	A	679	 	P	-	0.441	3	6	-1.378	0.064	H	0.189	2.081	-1.628	0.421	-1.392	A	985	 	L	-	0.982	6	9	-1.16			-1.019	-0.987	-1.505	1.266	-0.912	VDW
7mzy	B	893	 	G	-	0.0	42	23	-1.159	2.459	H	-0.384	1.652	1.33	1.045	2.064	B	923	 	G	T	0.0	40	33	1.673	0.174	L	-0.384	1.652	1.33	1.045	2.064	
7mzy	A	693	 	P	T	0.096	17	28	-1.325	-0.23	H	0.189	2.081	-1.628	0.421	-1.392	A	919	 	G	-	0.0	40	26	-1.277	2.789	H	-0.384	1.652	1.33	1.045	2.064	
7mzy	B	940	 	G	-	0.012	34	23	-1.215	2.486	H	-0.384	1.652	1.33	1.045	2.064	B	954	 	D	-	0.135	20	37	-1.211	2.774	H	1.05	0.302	-3.656	-0.259	-3.242	
7mzy	A	872	 	G	-	0.107	32	15	-1.334	2.939	H	-0.384	1.652	1.33	1.045	2.064	A	939	 	G	-	0.024	34	23	-1.303	2.708	H	-0.384	1.652	1.33	1.045	2.064	
7mzy	A	805	 	I	H	0.325	12	11	-1.103	-0.625	H	-1.239	-0.547	2.131	0.393	0.816	A	808	 	N	-	0.433	14	3	-2.52	2.701	H	0.945	0.828	1.299	-0.169	0.933	HBOND
7mzy	A	805	 	I	H	0.325	12	11	-1.103	-0.625	H	-1.239	-0.547	2.131	0.393	0.816	A	808	 	N	-	0.433	14	3	-2.52	2.701	H	0.945	0.828	1.299	-0.169	0.933	VDW
7mzy	B	930	 	S	S	0.0	24	29	-1.321	2.853	H	-0.228	1.399	-4.76	0.67	-2.647	B	947	 	D	-	0.319	10	26	-1.33	2.089	H	1.05	0.302	-3.656	-0.259	-3.242	
7mzy	B	791	 	Q	H	0.247	5	17	-1.114	-0.59	H	0.931	-0.179	-3.005	-0.503	-1.853	B	795	 	I	H	0.621	6	15	-1.524	-0.12	H	-1.239	-0.547	2.131	0.393	0.816	HBOND
7mzy	B	791	 	Q	H	0.247	5	17	-1.114	-0.59	H	0.931	-0.179	-3.005	-0.503	-1.853	B	795	 	I	H	0.621	6	15	-1.524	-0.12	H	-1.239	-0.547	2.131	0.393	0.816	VDW
7mzy	A	846	 	G	-	0.0	41	27	-1.283	2.595	H	-0.384	1.652	1.33	1.045	2.064	A	952	 	G	-	0.083	46	18	-1.297	2.628	H	-0.384	1.652	1.33	1.045	2.064	HBOND
7mzy	B	894	 	K	-	0.424	14	39	-1.394	2.633	H	1.831	-0.561	0.533	-0.277	1.648	B	901	 	T	-	0.239	11	38	-1.026	2.449	H	-0.032	0.326	2.213	0.908	1.313	HBOND
7mzy	B	894	 	K	-	0.424	14	39	-1.394	2.633	H	1.831	-0.561	0.533	-0.277	1.648	B	901	 	T	-	0.239	11	38	-1.026	2.449	H	-0.032	0.326	2.213	0.908	1.313	VDW
7mzy	B	875	 	G	S	0.226	20	15	-2.125	-1.964	H	-0.384	1.652	1.33	1.045	2.064	B	943	 	A	-	0.189	18	17	-1.103	2.807	H	-0.591	-1.302	-0.733	1.57	-0.146	
7mzy	B	762	 	I	E	0.053	11	23	-2.085	2.261	H	-1.239	-0.547	2.131	0.393	0.816	B	963	 	G	S	0.167	22	5	-2.046	3.037	H	-0.384	1.652	1.33	1.045	2.064	
7mzy	B	751	 	M	S	0.362	18	4	-1.408	1.856	H	-0.663	-1.524	2.219	-1.005	1.212	B	847	 	R	-	0.157	21	35	-1.367	2.448	H	1.538	-0.055	1.502	0.44	2.897	VDW
7mzy	A	862	 	E	E	0.129	20	14	-1.806	2.565	H	1.357	-1.453	1.477	0.113	-0.837	A	958	 	F	E	0.005	27	26	-2.602	2.418	H	-1.006	-0.59	1.891	-0.397	0.412	
7mzy	A	846	 	G	-	0.0	41	27	-1.283	2.595	H	-0.384	1.652	1.33	1.045	2.064	A	932	 	G	-	0.0	42	36	-1.36	2.647	H	-0.384	1.652	1.33	1.045	2.064	HBOND
7mzy	A	846	 	G	-	0.0	41	27	-1.283	2.595	H	-0.384	1.652	1.33	1.045	2.064	A	932	 	G	-	0.0	42	36	-1.36	2.647	H	-0.384	1.652	1.33	1.045	2.064	VDW
7mzy	A	774	 	L	E	0.0	37	24	-1.995	2.033	H	-1.019	-0.987	-1.505	1.266	-0.912	A	900	 	A	-	0.0	29	23	1.158	0.313	L	-0.591	-1.302	-0.733	1.57	-0.146	VDW
7mzy	B	693	 	P	T	0.081	18	30	-1.363	-0.228	H	0.189	2.081	-1.628	0.421	-1.392	B	902	 	G	-	0.036	31	26	-1.131	2.581	H	-0.384	1.652	1.33	1.045	2.064	HBOND
7mzy	B	693	 	P	T	0.081	18	30	-1.363	-0.228	H	0.189	2.081	-1.628	0.421	-1.392	B	902	 	G	-	0.036	31	26	-1.131	2.581	H	-0.384	1.652	1.33	1.045	2.064	VDW
7mzy	B	862	 	E	E	0.227	19	12	-1.908	2.584	H	1.357	-1.453	1.477	0.113	-0.837	B	959	 	I	E	0.059	18	24	-2.325	2.34	H	-1.239	-0.547	2.131	0.393	0.816	HBOND
7mzy	B	874	 	S	-	0.2	24	20	-1.823	2.454	H	-0.228	1.399	-4.76	0.67	-2.647	B	879	 	G	-	0.012	20	43	-1.287	2.785	H	-0.384	1.652	1.33	1.045	2.064	HBOND
7mzy	B	874	 	S	-	0.2	24	20	-1.823	2.454	H	-0.228	1.399	-4.76	0.67	-2.647	B	879	 	G	-	0.012	20	43	-1.287	2.785	H	-0.384	1.652	1.33	1.045	2.064	VDW
7mzy	A	933	 	G	-	0.0	29	43	-1.298	2.66	H	-0.384	1.652	1.33	1.045	2.064	A	953	 	E	-	0.381	20	36	-1.366	2.642	H	1.357	-1.453	1.477	0.113	-0.837	VDW
7mzy	B	812	 	H	S	0.663	4	24	-2.03	-0.583	H	0.336	-0.417	-1.673	-1.474	-0.078	B	908	 	Q	H	0.293	12	15	-1.147	-0.65	H	0.931	-0.179	-3.005	-0.503	-1.853	
7mzy	A	887	 	T	-	0.197	30	3	-1.852	2.25	H	-0.032	0.326	2.213	0.908	1.313	A	898	 	E	G	0.268	19	11	-1.732	-0.01	H	1.357	-1.453	1.477	0.113	-0.837	
7mzy	A	756	 	G	-	0.0	32	24	-1.222	2.924	H	-0.384	1.652	1.33	1.045	2.064	A	972	 	V	-	0.134	18	16	-2.272	2.596	H	-1.337	-0.279	-0.544	1.242	-1.262	HBOND
7mzy	B	728	 	V	-	0.0	17	11	-1.191	2.184	H	-1.337	-0.279	-0.544	1.242	-1.262	B	769	 	D	-	0.38	15	5	-0.938	2.617	H	1.05	0.302	-3.656	-0.259	-3.242	HBOND
7mzy	B	728	 	V	-	0.0	17	11	-1.191	2.184	H	-1.337	-0.279	-0.544	1.242	-1.262	B	769	 	D	-	0.38	15	5	-0.938	2.617	H	1.05	0.302	-3.656	-0.259	-3.242	VDW
7mzy	B	873	 	N	-	0.497	9	26	-1.163	2.336	H	0.945	0.828	1.299	-0.169	0.933	B	941	 	N	-	0.459	5	41	-1.345	2.496	H	0.945	0.828	1.299	-0.169	0.933	HBOND
7mzy	B	873	 	N	-	0.497	9	26	-1.163	2.336	H	0.945	0.828	1.299	-0.169	0.933	B	941	 	N	-	0.459	5	41	-1.345	2.496	H	0.945	0.828	1.299	-0.169	0.933	VDW
7mzy	B	682	 	H	E	0.418	13	9	-2.756	2.853	H	0.336	-0.417	-1.673	-1.474	-0.078	B	980	 	N	E	0.134	10	23	-2.177	2.181	H	0.945	0.828	1.299	-0.169	0.933	HBOND
7mzy	A	777	 	Q	-	0.0	20	35	-1.984	2.627	H	0.931	-0.179	-3.005	-0.503	-1.853	A	921	 	F	T	0.02	17	41	-0.854	2.413	H	-1.006	-0.59	1.891	-0.397	0.412	HBOND
7mzy	A	777	 	Q	-	0.0	20	35	-1.984	2.627	H	0.931	-0.179	-3.005	-0.503	-1.853	A	921	 	F	T	0.02	17	41	-0.854	2.413	H	-1.006	-0.59	1.891	-0.397	0.412	VDW
7mzy	A	742	 	A	-	0.0	17	43	-1.353	2.722	H	-0.591	-1.302	-0.733	1.57	-0.146	A	779	 	G	-	0.0	43	21	-1.097	2.572	H	-0.384	1.652	1.33	1.045	2.064	HBOND
7mzy	A	742	 	A	-	0.0	17	43	-1.353	2.722	H	-0.591	-1.302	-0.733	1.57	-0.146	A	779	 	G	-	0.0	43	21	-1.097	2.572	H	-0.384	1.652	1.33	1.045	2.064	VDW
7mzy	B	715	 	G	B	0.202	14	11	-1.083	2.491	H	-0.384	1.652	1.33	1.045	2.064	B	721	 	K	B	0.58	12	17	-1.078	2.231	H	1.831	-0.561	0.533	-0.277	1.648	
7mzy	A	842	 	A	-	0.009	28	37	-1.193	2.671	H	-0.591	-1.302	-0.733	1.57	-0.146	A	957	 	S	E	0.0	24	27	-1.535	2.967	H	-0.228	1.399	-4.76	0.67	-2.647	HBOND
7mzy	B	787	 	N	S	0.414	10	6	-1.238	2.223	H	0.945	0.828	1.299	-0.169	0.933	B	790	 	I	H	0.012	17	13	-1.041	-0.718	H	-1.239	-0.547	2.131	0.393	0.816	HBOND
7mzy	B	745	 	K	-	0.176	13	36	-1.58	2.843	H	1.831	-0.561	0.533	-0.277	1.648	B	749	 	N	T	0.592	6	18	-1.145	-0.227	H	0.945	0.828	1.299	-0.169	0.933	HBOND
7mzy	B	745	 	K	-	0.176	13	36	-1.58	2.843	H	1.831	-0.561	0.533	-0.277	1.648	B	749	 	N	T	0.592	6	18	-1.145	-0.227	H	0.945	0.828	1.299	-0.169	0.933	VDW
7mzy	B	823	 	G	-	0.0	32	46	-1.247	2.568	H	-0.384	1.652	1.33	1.045	2.064	B	922	 	G	T	0.0	40	33	1.716	0.349	L	-0.384	1.652	1.33	1.045	2.064	
7mzy	A	779	 	G	-	0.0	43	21	-1.097	2.572	H	-0.384	1.652	1.33	1.045	2.064	A	821	 	G	-	0.0	43	36	-1.247	2.606	H	-0.384	1.652	1.33	1.045	2.064	VDW
7mzy	B	742	 	A	-	0.0	15	42	-1.235	2.743	H	-0.591	-1.302	-0.733	1.57	-0.146	B	822	 	G	-	0.0	32	40	-1.333	2.551	H	-0.384	1.652	1.33	1.045	2.064	
7mzy	B	947	 	D	-	0.319	10	26	-1.33	2.089	H	1.05	0.302	-3.656	-0.259	-3.242	B	950	 	M	-	0.436	19	15	-1.751	1.945	H	-0.663	-1.524	2.219	-1.005	1.212	HBOND
7mzy	B	947	 	D	-	0.319	10	26	-1.33	2.089	H	1.05	0.302	-3.656	-0.259	-3.242	B	950	 	M	-	0.436	19	15	-1.751	1.945	H	-0.663	-1.524	2.219	-1.005	1.212	VDW
7mzy	A	760	 	L	E	0.146	10	29	-2.206	2.394	H	-1.019	-0.987	-1.505	1.266	-0.912	A	967	 	T	S	0.197	17	25	-2.477	2.688	H	-0.032	0.326	2.213	0.908	1.313	
7mzy	A	837	 	P	E	0.066	23	17	-1.347	2.428	H	0.189	2.081	-1.628	0.421	-1.392	A	960	 	S	-	0.054	14	19	-1.216	2.436	H	-0.228	1.399	-4.76	0.67	-2.647	
7mzy	B	820	 	G	-	0.0	32	39	-1.27	2.724	H	-0.384	1.652	1.33	1.045	2.064	B	846	 	G	-	0.0	40	26	-1.337	2.606	H	-0.384	1.652	1.33	1.045	2.064	
7mzy	A	744	 	G	-	0.0	32	25	-1.441	2.815	H	-0.384	1.652	1.33	1.045	2.064	A	781	 	D	-	0.337	11	35	-1.412	2.547	H	1.05	0.302	-3.656	-0.259	-3.242	
7mzy	B	840	 	I	E	0.0	28	29	-2.267	2.097	H	-1.239	-0.547	2.131	0.393	0.816	B	957	 	S	E	0.008	24	29	-1.492	2.964	H	-0.228	1.399	-4.76	0.67	-2.647	VDW
7mzy	B	732	 	D	E	0.411	10	10	-2.938	2.98	H	1.05	0.302	-3.656	-0.259	-3.242	B	983	 	H	E	0.326	7	21	-1.129	2.443	H	0.336	-0.417	-1.673	-1.474	-0.078	HBOND
7mzy	B	732	 	D	E	0.411	10	10	-2.938	2.98	H	1.05	0.302	-3.656	-0.259	-3.242	B	983	 	H	E	0.326	7	21	-1.129	2.443	H	0.336	-0.417	-1.673	-1.474	-0.078	VDW
7mzy	A	752	 	M	-	0.388	10	18	-0.806	2.32	H	-0.663	-1.524	2.219	-1.005	1.212	B	986	 	N	-	0.121	15	21	-1.192			0.945	0.828	1.299	-0.169	0.933	VDW
7mzy	B	845	 	G	-	0.012	23	44	-1.228	2.67	H	-0.384	1.652	1.33	1.045	2.064	B	932	 	G	-	0.0	41	35	-1.329	2.72	H	-0.384	1.652	1.33	1.045	2.064	VDW
7mzy	A	875	 	G	S	0.262	17	17	-2.219	-1.89	H	-0.384	1.652	1.33	1.045	2.064	A	943	 	A	-	0.208	19	17	-1.163	2.755	H	-0.591	-1.302	-0.733	1.57	-0.146	
7mzy	B	862	 	E	E	0.227	19	12	-1.908	2.584	H	1.357	-1.453	1.477	0.113	-0.837	B	957	 	S	E	0.008	24	29	-1.492	2.964	H	-0.228	1.399	-4.76	0.67	-2.647	HBOND
7mzy	B	862	 	E	E	0.227	19	12	-1.908	2.584	H	1.357	-1.453	1.477	0.113	-0.837	B	957	 	S	E	0.008	24	29	-1.492	2.964	H	-0.228	1.399	-4.76	0.67	-2.647	VDW
7mzy	A	742	 	A	-	0.0	17	43	-1.353	2.722	H	-0.591	-1.302	-0.733	1.57	-0.146	A	753	 	R	-	0.137	28	19	-1.2	2.81	H	1.538	-0.055	1.502	0.44	2.897	VDW
7mzy	B	876	 	A	S	0.226	21	24	-1.398	-0.8	H	-0.591	-1.302	-0.733	1.57	-0.146	B	906	 	C	-	0.044	26	21	-1.044	2.483	H	-1.343	0.465	-0.862	-1.02	-0.255	
7mzy	B	848	 	A	-	0.009	16	33	-1.215	2.805	H	-0.591	-1.302	-0.733	1.57	-0.146	B	948	 	P	T	0.096	17	25	-1.28	-0.007	H	0.189	2.081	-1.628	0.421	-1.392	VDW
7mzy	A	902	 	G	-	0.036	31	25	-1.096	2.631	H	-0.384	1.652	1.33	1.045	2.064	A	919	 	G	-	0.0	40	26	-1.277	2.789	H	-0.384	1.652	1.33	1.045	2.064	
7mzy	A	684	 	L	E	0.433	6	24	-2.072	1.925	H	-1.019	-0.987	-1.505	1.266	-0.912	A	710	 	L	-	0.085	18	11	-1.844	2.127	H	-1.019	-0.987	-1.505	1.266	-0.912	
7mzy	B	883	 	W	S	0.084	21	29	-1.329	-0.755	H	-0.595	0.009	0.672	-2.128	-0.184	B	896	 	L	G	0.024	25	25	-1.02	-0.839	H	-1.019	-0.987	-1.505	1.266	-0.912	
7mzy	B	878	 	G	-	0.0	32	28	-1.491	2.512	H	-0.384	1.652	1.33	1.045	2.064	B	926	 	G	-	0.0	23	45	-1.213	2.668	H	-0.384	1.652	1.33	1.045	2.064	HBOND
7mzy	B	821	 	G	-	0.0	43	36	-1.266	2.561	H	-0.384	1.652	1.33	1.045	2.064	B	919	 	G	-	0.0	41	26	-1.245	2.773	H	-0.384	1.652	1.33	1.045	2.064	VDW
7mzy	A	755	 	H	-	0.103	14	33	-1.412	2.737	H	0.336	-0.417	-1.673	-1.474	-0.078	B	986	 	N	-	0.121	15	21	-1.192			0.945	0.828	1.299	-0.169	0.933	HBOND
7mzy	A	755	 	H	-	0.103	14	33	-1.412	2.737	H	0.336	-0.417	-1.673	-1.474	-0.078	B	986	 	N	-	0.121	15	21	-1.192			0.945	0.828	1.299	-0.169	0.933	VDW
7mzy	B	690	 	A	-	0.047	22	6	-1.378	2.663	H	-0.591	-1.302	-0.733	1.57	-0.146	B	777	 	Q	-	0.0	21	35	-1.947	2.57	H	0.931	-0.179	-3.005	-0.503	-1.853	
7mzy	B	840	 	I	E	0.0	28	29	-2.267	2.097	H	-1.239	-0.547	2.131	0.393	0.816	B	958	 	F	E	0.01	26	24	-2.56	2.483	H	-1.006	-0.59	1.891	-0.397	0.412	HBOND
7mzy	A	737	 	S	E	0.138	15	28	-2.009	2.344	H	-0.228	1.399	-4.76	0.67	-2.647	A	980	 	N	E	0.121	8	24	-2.07	2.177	H	0.945	0.828	1.299	-0.169	0.933	HBOND
7mzy	A	825	 	T	E	0.0	25	38	-1.796	2.27	H	-0.032	0.326	2.213	0.908	1.313	A	840	 	I	E	0.0	28	29	-2.311	2.111	H	-1.239	-0.547	2.131	0.393	0.816	
7mzy	B	815	 	A	-	0.009	22	22	-1.31	2.614	H	-0.591	-1.302	-0.733	1.57	-0.146	B	909	 	A	H	0.0	24	10	-1.12	-0.693	H	-0.591	-1.302	-0.733	1.57	-0.146	
7mzy	B	886	 	N	-	0.86	0	21	-2.05	2.004	H	0.945	0.828	1.299	-0.169	0.933	B	898	 	E	G	0.284	20	11	-1.64	0.049	H	1.357	-1.453	1.477	0.113	-0.837	
7mzy	A	792	 	K	H	0.463	7	13	-1.138	-0.544	H	1.831	-0.561	0.533	-0.277	1.648	A	796	 	G	T	0.643	2	15	1.389	0.297	L	-0.384	1.652	1.33	1.045	2.064	
7mzy	B	692	 	G	T	0.095	6	37	1.475	-2.792	L	-0.384	1.652	1.33	1.045	2.064	B	921	 	F	T	0.02	19	39	-0.877	2.429	H	-1.006	-0.59	1.891	-0.397	0.412	HBOND
7mzy	A	895	 	S	-	0.0	15	31	-1.313	2.852	H	-0.228	1.399	-4.76	0.67	-2.647	A	900	 	A	-	0.0	29	23	1.158	0.313	L	-0.591	-1.302	-0.733	1.57	-0.146	HBOND
7mzy	A	793	 	V	H	0.042	23	9	-1.089	-0.824	H	-1.337	-0.279	-0.544	1.242	-1.262	A	796	 	G	T	0.643	2	15	1.389	0.297	L	-0.384	1.652	1.33	1.045	2.064	HBOND
7mzy	A	793	 	V	H	0.042	23	9	-1.089	-0.824	H	-1.337	-0.279	-0.544	1.242	-1.262	A	796	 	G	T	0.643	2	15	1.389	0.297	L	-0.384	1.652	1.33	1.045	2.064	VDW
7mzy	B	813	 	E	S	0.438	9	17	-1.64	-0.986	H	1.357	-1.453	1.477	0.113	-0.837	B	912	 	K	H	0.361	14	5	-1.267	-0.791	H	1.831	-0.561	0.533	-0.277	1.648	IONIC
7mzy	B	813	 	E	S	0.438	9	17	-1.64	-0.986	H	1.357	-1.453	1.477	0.113	-0.837	B	912	 	K	H	0.361	14	5	-1.267	-0.791	H	1.831	-0.561	0.533	-0.277	1.648	HBOND
7mzy	B	790	 	I	H	0.012	17	13	-1.041	-0.718	H	-1.239	-0.547	2.131	0.393	0.816	B	913	 	W	H	0.115	14	11	-2.656	0.305	H	-0.595	0.009	0.672	-2.128	-0.184	
7mzy	B	902	 	G	-	0.036	31	26	-1.131	2.581	H	-0.384	1.652	1.33	1.045	2.064	B	924	 	G	-	0.0	39	37	-1.12	2.383	H	-0.384	1.652	1.33	1.045	2.064	
7mzy	B	908	 	Q	H	0.293	12	15	-1.147	-0.65	H	0.931	-0.179	-3.005	-0.503	-1.853	B	911	 	K	H	0.873	7	10	-1.184	-0.749	H	1.831	-0.561	0.533	-0.277	1.648	VDW
7mzy	A	685	 	F	E	0.0	26	15	-1.637	2.361	H	-1.006	-0.59	1.891	-0.397	0.412	A	979	 	V	E	0.0	25	17	-2.244	2.31	H	-1.337	-0.279	-0.544	1.242	-1.262	HBOND
7mzy	A	685	 	F	E	0.0	26	15	-1.637	2.361	H	-1.006	-0.59	1.891	-0.397	0.412	A	979	 	V	E	0.0	25	17	-2.244	2.31	H	-1.337	-0.279	-0.544	1.242	-1.262	VDW
7mzy	A	696	 	P	-	0.037	23	14	-1.291	2.847	H	0.189	2.081	-1.628	0.421	-1.392	A	700	 	Q	H	0.348	12	11	-1.037	-0.776	H	0.931	-0.179	-3.005	-0.503	-1.853	
7mzy	B	734	 	Y	E	0.0	17	13	-2.212	2.667	H	0.26	0.83	3.097	-0.838	1.512	B	763	 	F	E	0.03	20	14	-2.471	2.527	H	-1.006	-0.59	1.891	-0.397	0.412	HBOND
7mzy	B	860	 	R	-	0.565	14	17	-1.831	2.377	H	1.538	-0.055	1.502	0.44	2.897	B	957	 	S	E	0.008	24	29	-1.492	2.964	H	-0.228	1.399	-4.76	0.67	-2.647	HBOND
7mzy	B	846	 	G	-	0.0	40	26	-1.337	2.606	H	-0.384	1.652	1.33	1.045	2.064	B	931	 	G	-	0.0	30	37	-1.549	2.632	H	-0.384	1.652	1.33	1.045	2.064	
7mzy	B	712	 	V	-	0.063	28	7	-2.345	2.74	H	-1.337	-0.279	-0.544	1.242	-1.262	B	725	 	I	E	0.118	12	19	-1.871	2.205	H	-1.239	-0.547	2.131	0.393	0.816	
7mzy	B	801	 	I	H	0.0	19	14	-1.245	-0.771	H	-1.239	-0.547	2.131	0.393	0.816	B	805	 	I	H	0.355	12	11	-1.122	-0.677	H	-1.239	-0.547	2.131	0.393	0.816	HBOND
7mzy	B	801	 	I	H	0.0	19	14	-1.245	-0.771	H	-1.239	-0.547	2.131	0.393	0.816	B	805	 	I	H	0.355	12	11	-1.122	-0.677	H	-1.239	-0.547	2.131	0.393	0.816	VDW
7mzy	B	941	 	N	-	0.459	5	41	-1.345	2.496	H	0.945	0.828	1.299	-0.169	0.933	B	953	 	E	-	0.392	19	34	-1.465	2.668	H	1.357	-1.453	1.477	0.113	-0.837	HBOND
7mzy	B	941	 	N	-	0.459	5	41	-1.345	2.496	H	0.945	0.828	1.299	-0.169	0.933	B	953	 	E	-	0.392	19	34	-1.465	2.668	H	1.357	-1.453	1.477	0.113	-0.837	VDW
7mzy	A	763	 	F	E	0.03	22	10	-2.415	2.592	H	-1.006	-0.59	1.891	-0.397	0.412	A	963	 	G	S	0.155	24	4	-1.982	2.901	H	-0.384	1.652	1.33	1.045	2.064	
7mzy	B	738	 	G	E	0.0	25	27	-1.987	2.521	H	-0.384	1.652	1.33	1.045	2.064	B	758	 	S	E	0.008	20	33	-1.735	2.469	H	-0.228	1.399	-4.76	0.67	-2.647	VDW
7mzy	B	766	 	E	-	0.613	3	14	-1.838	2.54	H	1.357	-1.453	1.477	0.113	-0.837	B	769	 	D	-	0.38	15	5	-0.938	2.617	H	1.05	0.302	-3.656	-0.259	-3.242	HBOND
7mzy	A	732	 	D	E	0.344	10	10	-3.013	3.132	H	1.05	0.302	-3.656	-0.259	-3.242	A	983	 	H	E	0.065	12	13	-2.669	2.93	H	0.336	-0.417	-1.673	-1.474	-0.078	HBOND
7mzy	A	762	 	I	E	0.237	7	21	-1.911	2.3	H	-1.239	-0.547	2.131	0.393	0.816	A	964	 	I	E	0.562	11	18	-1.751	2.128	H	-1.239	-0.547	2.131	0.393	0.816	HBOND
7mzy	B	773	 	I	E	0.0	24	27	-2.229	2.042	H	-1.239	-0.547	2.131	0.393	0.816	B	826	 	Y	E	0.0	27	33	-2.142	2.257	H	0.26	0.83	3.097	-0.838	1.512	
7mzy	A	718	 	G	G	0.643	2	13	1.152	-2.847	L	-0.384	1.652	1.33	1.045	2.064	A	721	 	K	B	0.585	11	17	-1.042	2.23	H	1.831	-0.561	0.533	-0.277	1.648	HBOND
7mzy	B	693	 	P	T	0.081	18	30	-1.363	-0.228	H	0.189	2.081	-1.628	0.421	-1.392	B	918	 	R	-	0.085	17	42	-1.541	2.759	H	1.538	-0.055	1.502	0.44	2.897	VDW
7mzy	A	735	 	S	E	0.115	14	18	-1.753	2.346	H	-0.228	1.399	-4.76	0.67	-2.647	A	761	 	G	E	0.0	20	16	-2.407	2.796	H	-0.384	1.652	1.33	1.045	2.064	
7mzy	B	881	 	G	-	0.0	34	33	-1.319	2.541	H	-0.384	1.652	1.33	1.045	2.064	B	894	 	K	-	0.424	14	39	-1.394	2.633	H	1.831	-0.561	0.533	-0.277	1.648	
7mzy	A	877	 	A	S	0.0	40	21	-1.402	2.87	H	-0.591	-1.302	-0.733	1.57	-0.146	A	931	 	G	-	0.0	30	38	-1.58	2.621	H	-0.384	1.652	1.33	1.045	2.064	
7mzy	A	734	 	Y	E	0.005	18	13	-2.066	2.585	H	0.26	0.83	3.097	-0.838	1.512	A	762	 	I	E	0.237	7	21	-1.911	2.3	H	-1.239	-0.547	2.131	0.393	0.816	
7mzy	A	748	 	K	-	0.624	14	23	-1.532			1.831	-0.561	0.533	-0.277	1.648	A	849	 	Y	T	0.023	21	26	-0.817	-0.814	H	0.26	0.83	3.097	-0.838	1.512	HBOND
7mzy	B	777	 	Q	-	0.0	21	35	-1.947	2.57	H	0.931	-0.179	-3.005	-0.503	-1.853	B	823	 	G	-	0.0	32	46	-1.247	2.568	H	-0.384	1.652	1.33	1.045	2.064	HBOND
7mzy	B	777	 	Q	-	0.0	21	35	-1.947	2.57	H	0.931	-0.179	-3.005	-0.503	-1.853	B	823	 	G	-	0.0	32	46	-1.247	2.568	H	-0.384	1.652	1.33	1.045	2.064	VDW
7mzy	A	729	 	P	-	0.36	12	14	-1.399	-0.459	H	0.189	2.081	-1.628	0.421	-1.392	A	767	 	K	T	0.561	3	13	-0.863	2.42	H	1.831	-0.561	0.533	-0.277	1.648	
7mzy	B	740	 	G	-	0.0	38	24	-1.385	2.935	H	-0.384	1.652	1.33	1.045	2.064	B	841	 	A	E	0.0	31	33	-1.963	2.012	H	-0.591	-1.302	-0.733	1.57	-0.146	VDW
7mzy	B	872	 	G	-	0.119	32	15	-1.348	2.931	H	-0.384	1.652	1.33	1.045	2.064	B	941	 	N	-	0.459	5	41	-1.345	2.496	H	0.945	0.828	1.299	-0.169	0.933	
7mzy	B	743	 	G	-	0.0	35	30	-1.379	3.002	H	-0.384	1.652	1.33	1.045	2.064	B	753	 	R	-	0.101	28	16	-1.409	2.671	H	1.538	-0.055	1.502	0.44	2.897	HBOND
7mzy	A	788	 	Q	H	0.833	0	17	-1.066	-0.6	H	0.931	-0.179	-3.005	-0.503	-1.853	A	791	 	Q	H	0.303	5	18	-1.04	-0.613	H	0.931	-0.179	-3.005	-0.503	-1.853	VDW
7mzy	B	821	 	G	-	0.0	43	36	-1.266	2.561	H	-0.384	1.652	1.33	1.045	2.064	B	924	 	G	-	0.0	39	37	-1.12	2.383	H	-0.384	1.652	1.33	1.045	2.064	
7mzy	B	738	 	G	E	0.0	25	27	-1.987	2.521	H	-0.384	1.652	1.33	1.045	2.064	B	759	 	V	E	0.007	28	24	-2.424	2.104	H	-1.337	-0.279	-0.544	1.242	-1.262	HBOND
7mzy	A	697	 	T	-	0.493	3	24	-1.687	2.939	H	-0.032	0.326	2.213	0.908	1.313	A	700	 	Q	H	0.348	12	11	-1.037	-0.776	H	0.931	-0.179	-3.005	-0.503	-1.853	HBOND
7mzy	A	697	 	T	-	0.493	3	24	-1.687	2.939	H	-0.032	0.326	2.213	0.908	1.313	A	700	 	Q	H	0.348	12	11	-1.037	-0.776	H	0.931	-0.179	-3.005	-0.503	-1.853	VDW
7mzy	A	732	 	D	E	0.344	10	10	-3.013	3.132	H	1.05	0.302	-3.656	-0.259	-3.242	A	984	 	Y	E	0.527	3	14	-2.119	2.313	H	0.26	0.83	3.097	-0.838	1.512	HBOND
7mzy	B	882	 	G	-	0.0	16	37	-1.705	-2.794	H	-0.384	1.652	1.33	1.045	2.064	B	936	 	G	S	0.0	32	37	-3.101	-2.91	H	-0.384	1.652	1.33	1.045	2.064	VDW
7mzy	A	780	 	E	-	0.345	23	30	-1.227	2.499	H	1.357	-1.453	1.477	0.113	-0.837	A	820	 	G	-	0.0	32	39	-1.328	2.706	H	-0.384	1.652	1.33	1.045	2.064	HBOND
7mzy	A	757	 	V	E	0.007	26	29	-2.026	2.847	H	-1.337	-0.279	-0.544	1.242	-1.262	A	970	 	L	E	0.201	18	24	-1.911	2.431	H	-1.019	-0.987	-1.505	1.266	-0.912	
7mzy	A	724	 	Q	E	0.005	25	18	-1.637	2.159	H	0.931	-0.179	-3.005	-0.503	-1.853	A	773	 	I	E	0.0	25	27	-2.113	2.105	H	-1.239	-0.547	2.131	0.393	0.816	HBOND
7mzy	B	827	 	V	E	0.007	25	26	-2.093	2.167	H	-1.337	-0.279	-0.544	1.242	-1.262	B	839	 	I	E	0.0	29	23	-2.421	2.29	H	-1.239	-0.547	2.131	0.393	0.816	HBOND
7mzy	B	843	 	G	-	0.0	44	29	-1.516	2.788	H	-0.384	1.652	1.33	1.045	2.064	B	935	 	G	-	0.0	38	37	-1.155	2.871	H	-0.384	1.652	1.33	1.045	2.064	HBOND
7mzy	A	821	 	G	-	0.0	43	36	-1.247	2.606	H	-0.384	1.652	1.33	1.045	2.064	A	920	 	G	-	0.0	37	28	-1.444	2.587	H	-0.384	1.652	1.33	1.045	2.064	HBOND
7mzy	A	880	 	G	-	0.0	35	35	-1.295	2.671	H	-0.384	1.652	1.33	1.045	2.064	A	933	 	G	-	0.0	29	43	-1.298	2.66	H	-0.384	1.652	1.33	1.045	2.064	VDW
7mzy	B	818	 	G	-	0.0	34	25	-1.487	2.478	H	-0.384	1.652	1.33	1.045	2.064	B	917	 	T	-	0.014	35	20	-2.326	1.663	H	-0.032	0.326	2.213	0.908	1.313	
7mzy	B	817	 	G	-	0.0	24	34	1.773	-0.201	L	-0.384	1.652	1.33	1.045	2.064	B	915	 	W	-	0.031	27	15	-1.564	1.432	H	-0.595	0.009	0.672	-2.128	-0.184	PIHBOND
7mzy	B	817	 	G	-	0.0	24	34	1.773	-0.201	L	-0.384	1.652	1.33	1.045	2.064	B	915	 	W	-	0.031	27	15	-1.564	1.432	H	-0.595	0.009	0.672	-2.128	-0.184	VDW
7mzy	A	813	 	E	S	0.454	8	17	-1.6	-1.05	H	1.357	-1.453	1.477	0.113	-0.837	A	908	 	Q	H	0.278	12	14	-1.203	-0.665	H	0.931	-0.179	-3.005	-0.503	-1.853	HBOND
7mzy	A	736	 	I	E	0.0	23	19	-2.203	2.027	H	-1.239	-0.547	2.131	0.393	0.816	A	760	 	L	E	0.146	10	29	-2.206	2.394	H	-1.019	-0.987	-1.505	1.266	-0.912	
7mzy	B	683	 	W	E	0.101	15	13	-2.165	2.038	H	-0.595	0.009	0.672	-2.128	-0.184	B	980	 	N	E	0.134	10	23	-2.177	2.181	H	0.945	0.828	1.299	-0.169	0.933	
7mzy	B	891	 	W	T	0.225	24	21	-1.609	-0.078	H	-0.595	0.009	0.672	-2.128	-0.184	B	904	 	H	-	0.321	10	36	-1.211	2.878	H	0.336	-0.417	-1.673	-1.474	-0.078	VDW
7mzy	B	908	 	Q	H	0.293	12	15	-1.147	-0.65	H	0.931	-0.179	-3.005	-0.503	-1.853	B	912	 	K	H	0.361	14	5	-1.267	-0.791	H	1.831	-0.561	0.533	-0.277	1.648	HBOND
7mzy	A	847	 	R	-	0.012	22	37	-1.376	2.445	H	1.538	-0.055	1.502	0.44	2.897	A	854	 	D	-	0.258	10	12	-1.552	2.541	H	1.05	0.302	-3.656	-0.259	-3.242	HBOND
7mzy	B	788	 	Q	H	0.732	0	17	-1.149	-0.655	H	0.931	-0.179	-3.005	-0.503	-1.853	B	792	 	K	H	0.537	6	13	-1.163	-0.606	H	1.831	-0.561	0.533	-0.277	1.648	HBOND
7mzy	A	873	 	N	-	0.478	9	25	-1.059	2.395	H	0.945	0.828	1.299	-0.169	0.933	A	942	 	A	-	0.047	38	14	-1.658	2.811	H	-0.591	-1.302	-0.733	1.57	-0.146	HBOND
7mzy	A	727	 	K	E	0.468	6	17	-1.615	2.122	H	1.831	-0.561	0.533	-0.277	1.648	A	770	 	M	E	0.41	9	17	-1.885	2.157	H	-0.663	-1.524	2.219	-1.005	1.212	
7mzy	A	753	 	R	-	0.137	28	19	-1.2	2.81	H	1.538	-0.055	1.502	0.44	2.897	B	986	 	N	-	0.121	15	21	-1.192			0.945	0.828	1.299	-0.169	0.933	
7mzy	B	743	 	G	-	0.0	35	30	-1.379	3.002	H	-0.384	1.652	1.33	1.045	2.064	B	754	 	S	-	0.208	31	16	-1.357	2.072	H	-0.228	1.399	-4.76	0.67	-2.647	HBOND
7mzy	B	743	 	G	-	0.0	35	30	-1.379	3.002	H	-0.384	1.652	1.33	1.045	2.064	B	754	 	S	-	0.208	31	16	-1.357	2.072	H	-0.228	1.399	-4.76	0.67	-2.647	VDW
7mzy	A	787	 	N	S	0.376	11	6	-1.45	2.063	H	0.945	0.828	1.299	-0.169	0.933	A	913	 	W	H	0.075	14	10	-2.763	0.275	H	-0.595	0.009	0.672	-2.128	-0.184	HBOND
7mzy	B	802	 	E	H	0.32	8	19	-1.039	-0.669	H	1.357	-1.453	1.477	0.113	-0.837	B	805	 	I	H	0.355	12	11	-1.122	-0.677	H	-1.239	-0.547	2.131	0.393	0.816	
7mzy	A	936	 	G	S	0.0	33	37	3.136	-2.908	L	-0.384	1.652	1.33	1.045	2.064	A	956	 	V	B	0.092	19	33	-1.738	2.292	H	-1.337	-0.279	-0.544	1.242	-1.262	
7mzy	B	818	 	G	-	0.0	34	25	-1.487	2.478	H	-0.384	1.652	1.33	1.045	2.064	B	847	 	R	-	0.157	21	35	-1.367	2.448	H	1.538	-0.055	1.502	0.44	2.897	
7mzy	A	879	 	G	-	0.0	19	43	-1.25	2.819	H	-0.384	1.652	1.33	1.045	2.064	A	940	 	G	-	0.036	33	24	-1.255	2.49	H	-0.384	1.652	1.33	1.045	2.064	
7mzy	B	791	 	Q	H	0.247	5	17	-1.114	-0.59	H	0.931	-0.179	-3.005	-0.503	-1.853	B	794	 	C	H	0.17	18	15	-1.048	-0.666	H	-1.343	0.465	-0.862	-1.02	-0.255	VDW
7mzy	A	822	 	G	-	0.0	31	41	-1.361	2.604	H	-0.384	1.652	1.33	1.045	2.064	A	844	 	G	-	0.0	30	41	-1.37	2.59	H	-0.384	1.652	1.33	1.045	2.064	HBOND
7mzy	A	822	 	G	-	0.0	31	41	-1.361	2.604	H	-0.384	1.652	1.33	1.045	2.064	A	844	 	G	-	0.0	30	41	-1.37	2.59	H	-0.384	1.652	1.33	1.045	2.064	VDW
7mzy	A	877	 	A	S	0.0	40	21	-1.402	2.87	H	-0.591	-1.302	-0.733	1.57	-0.146	A	942	 	A	-	0.047	38	14	-1.658	2.811	H	-0.591	-1.302	-0.733	1.57	-0.146	
7mzy	B	758	 	S	E	0.008	20	33	-1.735	2.469	H	-0.228	1.399	-4.76	0.67	-2.647	B	970	 	L	E	0.317	15	22	-2.59	2.363	H	-1.019	-0.987	-1.505	1.266	-0.912	HBOND
7mzy	B	758	 	S	E	0.008	20	33	-1.735	2.469	H	-0.228	1.399	-4.76	0.67	-2.647	B	970	 	L	E	0.317	15	22	-2.59	2.363	H	-1.019	-0.987	-1.505	1.266	-0.912	VDW
7mzy	A	820	 	G	-	0.0	32	39	-1.328	2.706	H	-0.384	1.652	1.33	1.045	2.064	A	925	 	G	-	0.0	39	37	-1.396	2.608	H	-0.384	1.652	1.33	1.045	2.064	
7mzy	B	814	 	W	S	0.273	15	20	-1.586	0.953	H	-0.595	0.009	0.672	-2.128	-0.184	B	912	 	K	H	0.361	14	5	-1.267	-0.791	H	1.831	-0.561	0.533	-0.277	1.648	PICATION
7mzy	B	814	 	W	S	0.273	15	20	-1.586	0.953	H	-0.595	0.009	0.672	-2.128	-0.184	B	912	 	K	H	0.361	14	5	-1.267	-0.791	H	1.831	-0.561	0.533	-0.277	1.648	VDW
7mzy	A	823	 	G	-	0.0	31	47	-1.268	2.593	H	-0.384	1.652	1.33	1.045	2.064	A	921	 	F	T	0.02	17	41	-0.854	2.413	H	-1.006	-0.59	1.891	-0.397	0.412	VDW
7mzy	B	815	 	A	-	0.009	22	22	-1.31	2.614	H	-0.591	-1.302	-0.733	1.57	-0.146	B	913	 	W	H	0.115	14	11	-2.656	0.305	H	-0.595	0.009	0.672	-2.128	-0.184	HBOND
7mzy	B	698	 	Q	H	0.303	8	20	-0.95	-0.721	H	0.931	-0.179	-3.005	-0.503	-1.853	B	714	 	V	E	0.056	17	14	-1.868	2.234	H	-1.337	-0.279	-0.544	1.242	-1.262	HBOND
7mzy	B	698	 	Q	H	0.303	8	20	-0.95	-0.721	H	0.931	-0.179	-3.005	-0.503	-1.853	B	714	 	V	E	0.056	17	14	-1.868	2.234	H	-1.337	-0.279	-0.544	1.242	-1.262	VDW
7mzy	B	774	 	L	E	0.0	37	23	-1.897	2.008	H	-1.019	-0.987	-1.505	1.266	-0.912	B	826	 	Y	E	0.0	27	33	-2.142	2.257	H	0.26	0.83	3.097	-0.838	1.512	HBOND
7mzy	B	754	 	S	-	0.208	31	16	-1.357	2.072	H	-0.228	1.399	-4.76	0.67	-2.647	B	971	 	K	E	0.229	17	24	-1.31	2.221	H	1.831	-0.561	0.533	-0.277	1.648	HBOND
7mzy	B	688	 	C	T	0.037	22	13	1.013	0.508	L	-1.343	0.465	-0.862	-1.02	-0.255	B	701	 	C	H	0.0	19	12	-1.215	-0.607	H	-1.343	0.465	-0.862	-1.02	-0.255	SSBOND
7mzy	B	688	 	C	T	0.037	22	13	1.013	0.508	L	-1.343	0.465	-0.862	-1.02	-0.255	B	701	 	C	H	0.0	19	12	-1.215	-0.607	H	-1.343	0.465	-0.862	-1.02	-0.255	VDW
7mzy	A	736	 	I	E	0.0	23	19	-2.203	2.027	H	-1.239	-0.547	2.131	0.393	0.816	A	761	 	G	E	0.0	20	16	-2.407	2.796	H	-0.384	1.652	1.33	1.045	2.064	HBOND
7mzy	B	728	 	V	-	0.0	17	11	-1.191	2.184	H	-1.337	-0.279	-0.544	1.242	-1.262	B	768	 	D	T	0.577	0	15	1.294	-0.05	L	1.05	0.302	-3.656	-0.259	-3.242	HBOND
7mzy	A	814	 	W	S	0.269	14	22	-1.583	0.977	H	-0.595	0.009	0.672	-2.128	-0.184	A	912	 	K	H	0.322	15	5	-1.241	-0.772	H	1.831	-0.561	0.533	-0.277	1.648	PICATION
7mzy	A	814	 	W	S	0.269	14	22	-1.583	0.977	H	-0.595	0.009	0.672	-2.128	-0.184	A	912	 	K	H	0.322	15	5	-1.241	-0.772	H	1.831	-0.561	0.533	-0.277	1.648	VDW
7mzy	A	856	 	F	-	0.33	10	13	1.02	0.745	L	-1.006	-0.59	1.891	-0.397	0.412	B	984	 	Y	-	0.153	16	17	-1.087	2.427	H	0.26	0.83	3.097	-0.838	1.512	PIPISTACK
7mzy	A	906	 	C	-	0.044	26	20	-1.188	2.645	H	-1.343	0.465	-0.862	-1.02	-0.255	A	910	 	M	H	0.463	9	17	-1.24	-0.836	H	-0.663	-1.524	2.219	-1.005	1.212	
7mzy	B	776	 	G	-	0.0	40	26	-1.077	2.545	H	-0.384	1.652	1.33	1.045	2.064	B	824	 	A	-	0.0	31	39	-1.344	2.819	H	-0.591	-1.302	-0.733	1.57	-0.146	VDW
7mzy	B	878	 	G	-	0.0	32	28	-1.491	2.512	H	-0.384	1.652	1.33	1.045	2.064	B	925	 	G	-	0.0	40	36	-1.35	2.598	H	-0.384	1.652	1.33	1.045	2.064	
7mzy	A	960	 	S	-	0.054	14	19	-1.216	2.436	H	-0.228	1.399	-4.76	0.67	-2.647	A	963	 	G	S	0.155	24	4	-1.982	2.901	H	-0.384	1.652	1.33	1.045	2.064	HBOND
7mzy	A	934	 	G	-	0.0	32	43	-1.411	2.64	H	-0.384	1.652	1.33	1.045	2.064	A	940	 	G	-	0.036	33	24	-1.255	2.49	H	-0.384	1.652	1.33	1.045	2.064	HBOND
7mzy	A	753	 	R	-	0.137	28	19	-1.2	2.81	H	1.538	-0.055	1.502	0.44	2.897	A	781	 	D	-	0.337	11	35	-1.412	2.547	H	1.05	0.302	-3.656	-0.259	-3.242	IONIC
7mzy	A	753	 	R	-	0.137	28	19	-1.2	2.81	H	1.538	-0.055	1.502	0.44	2.897	A	781	 	D	-	0.337	11	35	-1.412	2.547	H	1.05	0.302	-3.656	-0.259	-3.242	HBOND
7mzy	A	753	 	R	-	0.137	28	19	-1.2	2.81	H	1.538	-0.055	1.502	0.44	2.897	A	781	 	D	-	0.337	11	35	-1.412	2.547	H	1.05	0.302	-3.656	-0.259	-3.242	VDW
7mzy	A	895	 	S	-	0.0	15	31	-1.313	2.852	H	-0.228	1.399	-4.76	0.67	-2.647	A	899	 	G	T	0.083	12	26	1.863	-0.06	L	-0.384	1.652	1.33	1.045	2.064	
7mzy	B	686	 	T	-	0.31	12	27	-2.177	-3.032	H	-0.032	0.326	2.213	0.908	1.313	B	724	 	Q	E	0.005	25	18	-1.618	2.196	H	0.931	-0.179	-3.005	-0.503	-1.853	HBOND
7mzy	A	727	 	K	E	0.468	6	17	-1.615	2.122	H	1.831	-0.561	0.533	-0.277	1.648	A	768	 	D	T	0.546	0	15	1.32	0.003	L	1.05	0.302	-3.656	-0.259	-3.242	IONIC
7mzy	A	727	 	K	E	0.468	6	17	-1.615	2.122	H	1.831	-0.561	0.533	-0.277	1.648	A	768	 	D	T	0.546	0	15	1.32	0.003	L	1.05	0.302	-3.656	-0.259	-3.242	HBOND
7mzy	B	782	 	A	S	0.038	28	20	-1.171	-0.626	H	-0.591	-1.302	-0.733	1.57	-0.146	B	817	 	G	-	0.0	24	34	1.773	-0.201	L	-0.384	1.652	1.33	1.045	2.064	VDW
7mzy	B	682	 	H	E	0.418	13	9	-2.756	2.853	H	0.336	-0.417	-1.673	-1.474	-0.078	B	709	 	N	S	0.548	6	11	-1.53	0.188	H	0.945	0.828	1.299	-0.169	0.933	HBOND
7mzy	A	776	 	G	-	0.0	38	28	-1.143	2.604	H	-0.384	1.652	1.33	1.045	2.064	A	977	 	G	-	0.071	34	18	-1.375	-3.056	H	-0.384	1.652	1.33	1.045	2.064	HBOND
7mzy	A	776	 	G	-	0.0	38	28	-1.143	2.604	H	-0.384	1.652	1.33	1.045	2.064	A	977	 	G	-	0.071	34	18	-1.375	-3.056	H	-0.384	1.652	1.33	1.045	2.064	VDW
7mzy	B	761	 	G	E	0.012	19	24	-2.307	2.857	H	-0.384	1.652	1.33	1.045	2.064	B	964	 	I	E	0.402	13	17	-1.973	2.297	H	-1.239	-0.547	2.131	0.393	0.816	
7mzy	A	757	 	V	E	0.007	26	29	-2.026	2.847	H	-1.337	-0.279	-0.544	1.242	-1.262	A	957	 	S	E	0.0	24	27	-1.535	2.967	H	-0.228	1.399	-4.76	0.67	-2.647	VDW
7mzy	B	737	 	S	E	0.077	19	29	-1.95	2.108	H	-0.228	1.399	-4.76	0.67	-2.647	B	760	 	L	E	0.03	18	28	-2.121	2.155	H	-1.019	-0.987	-1.505	1.266	-0.912	
7mzy	A	810	 	S	S	0.054	14	16	-1.891	3.044	H	-0.228	1.399	-4.76	0.67	-2.647	A	946	 	N	-	0.083	20	21	-1.624	0.994	H	0.945	0.828	1.299	-0.169	0.933	VDW
7mzy	A	733	 	T	E	0.43	6	17	-1.67	2.201	H	-0.032	0.326	2.213	0.908	1.313	A	763	 	F	E	0.03	22	10	-2.415	2.592	H	-1.006	-0.59	1.891	-0.397	0.412	
7mzy	B	684	 	L	E	0.384	6	24	-1.944	1.977	H	-1.019	-0.987	-1.505	1.266	-0.912	B	979	 	V	E	0.0	24	18	-2.279	2.35	H	-1.337	-0.279	-0.544	1.242	-1.262	
7mzy	A	755	 	H	-	0.103	14	33	-1.412	2.737	H	0.336	-0.417	-1.673	-1.474	-0.078	A	973	 	M	-	0.239	5	25	-1.244	-0.76	H	-0.663	-1.524	2.219	-1.005	1.212	
7mzy	A	790	 	I	H	0.006	18	14	-1.118	-0.728	H	-1.239	-0.547	2.131	0.393	0.816	A	794	 	C	H	0.207	16	14	-1.032	-0.66	H	-1.343	0.465	-0.862	-1.02	-0.255	HBOND
7mzy	B	713	 	E	E	0.639	8	19	-1.782	2.225	H	1.357	-1.453	1.477	0.113	-0.837	B	725	 	I	E	0.118	12	19	-1.871	2.205	H	-1.239	-0.547	2.131	0.393	0.816	HBOND
7mzy	B	713	 	E	E	0.639	8	19	-1.782	2.225	H	1.357	-1.453	1.477	0.113	-0.837	B	725	 	I	E	0.118	12	19	-1.871	2.205	H	-1.239	-0.547	2.131	0.393	0.816	VDW
7mzy	B	880	 	G	-	0.0	34	36	-1.201	2.653	H	-0.384	1.652	1.33	1.045	2.064	B	940	 	G	-	0.012	34	23	-1.215	2.486	H	-0.384	1.652	1.33	1.045	2.064	HBOND
7mzy	B	860	 	R	-	0.565	14	17	-1.831	2.377	H	1.538	-0.055	1.502	0.44	2.897	B	956	 	V	B	0.035	18	35	-1.689	2.297	H	-1.337	-0.279	-0.544	1.242	-1.262	VDW
7mzy	B	789	 	L	H	0.457	7	16	-1.135	-0.873	H	-1.019	-0.987	-1.505	1.266	-0.912	B	793	 	V	H	0.028	21	11	-1.081	-0.796	H	-1.337	-0.279	-0.544	1.242	-1.262	HBOND
7mzy	A	692	 	G	T	0.107	6	35	1.536	-2.877	L	-0.384	1.652	1.33	1.045	2.064	A	921	 	F	T	0.02	17	41	-0.854	2.413	H	-1.006	-0.59	1.891	-0.397	0.412	HBOND
7mzy	B	740	 	G	-	0.0	38	24	-1.385	2.935	H	-0.384	1.652	1.33	1.045	2.064	B	757	 	V	E	0.021	26	28	-1.678	2.455	H	-1.337	-0.279	-0.544	1.242	-1.262	HBOND
7mzy	A	690	 	A	-	0.057	23	5	-1.448	2.678	H	-0.591	-1.302	-0.733	1.57	-0.146	A	777	 	Q	-	0.0	20	35	-1.984	2.627	H	0.931	-0.179	-3.005	-0.503	-1.853	VDW
7mzy	A	843	 	G	-	0.012	44	30	-1.517	2.719	H	-0.384	1.652	1.33	1.045	2.064	A	955	 	G	-	0.024	42	20	-1.248	3.015	H	-0.384	1.652	1.33	1.045	2.064	HBOND
7mzy	A	843	 	G	-	0.012	44	30	-1.517	2.719	H	-0.384	1.652	1.33	1.045	2.064	A	955	 	G	-	0.024	42	20	-1.248	3.015	H	-0.384	1.652	1.33	1.045	2.064	VDW
7mzy	A	831	 	K	E	0.605	5	8	-2.367	1.909	H	1.831	-0.561	0.533	-0.277	1.648	A	834	 	V	E	0.592	3	8	-2.125	2.199	H	-1.337	-0.279	-0.544	1.242	-1.262	HBOND
7mzy	A	831	 	K	E	0.605	5	8	-2.367	1.909	H	1.831	-0.561	0.533	-0.277	1.648	A	834	 	V	E	0.592	3	8	-2.125	2.199	H	-1.337	-0.279	-0.544	1.242	-1.262	VDW
7mzy	A	820	 	G	-	0.0	32	39	-1.328	2.706	H	-0.384	1.652	1.33	1.045	2.064	A	846	 	G	-	0.0	41	27	-1.283	2.595	H	-0.384	1.652	1.33	1.045	2.064	
7mzy	B	725	 	I	E	0.118	12	19	-1.871	2.205	H	-1.239	-0.547	2.131	0.393	0.816	B	770	 	M	E	0.383	9	16	-1.921	2.165	H	-0.663	-1.524	2.219	-1.005	1.212	VDW
7mzy	B	819	 	G	-	0.0	32	32	-1.296	2.658	H	-0.384	1.652	1.33	1.045	2.064	B	847	 	R	-	0.157	21	35	-1.367	2.448	H	1.538	-0.055	1.502	0.44	2.897	HBOND
7mzy	B	871	 	N	-	0.191	25	20	-1.212	2.761	H	0.945	0.828	1.299	-0.169	0.933	B	895	 	S	-	0.0	16	31	-1.245	2.887	H	-0.228	1.399	-4.76	0.67	-2.647	
7mzy	B	792	 	K	H	0.537	6	13	-1.163	-0.606	H	1.831	-0.561	0.533	-0.277	1.648	B	797	 	E	S	0.34	6	8	-1.716	-0.085	H	1.357	-1.453	1.477	0.113	-0.837	HBOND
7mzy	A	747	 	G	-	0.095	26	20	-1.201	-0.449	H	-0.384	1.652	1.33	1.045	2.064	A	817	 	G	-	0.0	21	34	1.666	-0.055	L	-0.384	1.652	1.33	1.045	2.064	HBOND
7mzy	A	860	 	R	-	0.46	11	25	-1.961	2.42	H	1.538	-0.055	1.502	0.44	2.897	A	957	 	S	E	0.0	24	27	-1.535	2.967	H	-0.228	1.399	-4.76	0.67	-2.647	HBOND
7mzy	A	860	 	R	-	0.46	11	25	-1.961	2.42	H	1.538	-0.055	1.502	0.44	2.897	A	957	 	S	E	0.0	24	27	-1.535	2.967	H	-0.228	1.399	-4.76	0.67	-2.647	VDW
7mzy	A	694	 	H	S	0.576	4	36	-2.026	2.549	H	0.336	-0.417	-1.673	-1.474	-0.078	A	777	 	Q	-	0.0	20	35	-1.984	2.627	H	0.931	-0.179	-3.005	-0.503	-1.853	HBOND
7mzy	A	859	 	E	-	0.057	26	14	-1.43	2.5	H	1.357	-1.453	1.477	0.113	-0.837	A	971	 	K	E	0.107	20	21	-1.113	2.456	H	1.831	-0.561	0.533	-0.277	1.648	
7mzy	B	755	 	H	-	0.234	13	33	-1.337	2.684	H	0.336	-0.417	-1.673	-1.474	-0.078	B	974	 	E	S	0.552	7	26	-1.674	-0.067	H	1.357	-1.453	1.477	0.113	-0.837	
7mzy	A	880	 	G	-	0.0	35	35	-1.295	2.671	H	-0.384	1.652	1.33	1.045	2.064	A	939	 	G	-	0.024	34	23	-1.303	2.708	H	-0.384	1.652	1.33	1.045	2.064	
7mzy	A	799	 	N	-	0.573	3	17	-1.786	0.397	H	0.945	0.828	1.299	-0.169	0.933	A	802	 	E	H	0.211	7	20	-1.049	-0.649	H	1.357	-1.453	1.477	0.113	-0.837	HBOND
7mzy	A	799	 	N	-	0.573	3	17	-1.786	0.397	H	0.945	0.828	1.299	-0.169	0.933	A	802	 	E	H	0.211	7	20	-1.049	-0.649	H	1.357	-1.453	1.477	0.113	-0.837	VDW
7mzy	B	822	 	G	-	0.0	32	40	-1.333	2.551	H	-0.384	1.652	1.33	1.045	2.064	B	934	 	G	-	0.0	30	44	-1.41	2.63	H	-0.384	1.652	1.33	1.045	2.064	
7mzy	A	864	 	N	-	0.471	3	15	-2.05	1.89	H	0.945	0.828	1.299	-0.169	0.933	A	867	 	V	S	0.268	12	5	-1.225	2.333	H	-1.337	-0.279	-0.544	1.242	-1.262	HBOND
7mzy	A	864	 	N	-	0.471	3	15	-2.05	1.89	H	0.945	0.828	1.299	-0.169	0.933	A	867	 	V	S	0.268	12	5	-1.225	2.333	H	-1.337	-0.279	-0.544	1.242	-1.262	VDW
7mzy	A	882	 	G	-	0.0	15	38	-1.68	-2.757	H	-0.384	1.652	1.33	1.045	2.064	A	896	 	L	G	0.018	26	24	-1.024	-0.798	H	-1.019	-0.987	-1.505	1.266	-0.912	HBOND
7mzy	A	700	 	Q	H	0.348	12	11	-1.037	-0.776	H	0.931	-0.179	-3.005	-0.503	-1.853	A	704	 	A	H	0.443	16	7	-1.105	-0.636	H	-0.591	-1.302	-0.733	1.57	-0.146	HBOND
7mzy	B	687	 	T	-	0.056	22	22	-1.381	0.106	H	-0.032	0.326	2.213	0.908	1.313	B	690	 	A	-	0.047	22	6	-1.378	2.663	H	-0.591	-1.302	-0.733	1.57	-0.146	HBOND
7mzy	B	687	 	T	-	0.056	22	22	-1.381	0.106	H	-0.032	0.326	2.213	0.908	1.313	B	690	 	A	-	0.047	22	6	-1.378	2.663	H	-0.591	-1.302	-0.733	1.57	-0.146	VDW
7mzy	A	857	 	H	-	0.478	12	12	-1.28	2.393	H	0.336	-0.417	-1.673	-1.474	-0.078	A	953	 	E	-	0.381	20	36	-1.366	2.642	H	1.357	-1.453	1.477	0.113	-0.837	IONIC
7mzy	A	857	 	H	-	0.478	12	12	-1.28	2.393	H	0.336	-0.417	-1.673	-1.474	-0.078	A	953	 	E	-	0.381	20	36	-1.366	2.642	H	1.357	-1.453	1.477	0.113	-0.837	HBOND
7mzy	A	857	 	H	-	0.478	12	12	-1.28	2.393	H	0.336	-0.417	-1.673	-1.474	-0.078	A	953	 	E	-	0.381	20	36	-1.366	2.642	H	1.357	-1.453	1.477	0.113	-0.837	VDW
7mzy	B	789	 	L	H	0.457	7	16	-1.135	-0.873	H	-1.019	-0.987	-1.505	1.266	-0.912	B	792	 	K	H	0.537	6	13	-1.163	-0.606	H	1.831	-0.561	0.533	-0.277	1.648	HBOND
7mzy	B	744	 	G	-	0.0	33	28	-1.42	2.827	H	-0.384	1.652	1.33	1.045	2.064	B	847	 	R	-	0.157	21	35	-1.367	2.448	H	1.538	-0.055	1.502	0.44	2.897	HBOND
7mzy	A	848	 	A	-	0.009	21	31	-1.172	2.755	H	-0.591	-1.302	-0.733	1.57	-0.146	A	851	 	A	-	0.057	23	7	-0.979	2.192	H	-0.591	-1.302	-0.733	1.57	-0.146	HBOND
7mzy	B	700	 	Q	H	0.343	14	11	-1.111	-0.772	H	0.931	-0.179	-3.005	-0.503	-1.853	B	703	 	N	H	0.656	8	12	-1.135	-0.805	H	0.945	0.828	1.299	-0.169	0.933	HBOND
7mzy	B	700	 	Q	H	0.343	14	11	-1.111	-0.772	H	0.931	-0.179	-3.005	-0.503	-1.853	B	703	 	N	H	0.656	8	12	-1.135	-0.805	H	0.945	0.828	1.299	-0.169	0.933	VDW
7mzy	A	698	 	Q	H	0.308	9	19	-0.979	-0.753	H	0.931	-0.179	-3.005	-0.503	-1.853	A	701	 	C	H	0.0	20	12	-1.209	-0.665	H	-1.343	0.465	-0.862	-1.02	-0.255	HBOND
7mzy	B	697	 	T	-	0.493	3	23	-1.598	2.881	H	-0.032	0.326	2.213	0.908	1.313	B	700	 	Q	H	0.343	14	11	-1.111	-0.772	H	0.931	-0.179	-3.005	-0.503	-1.853	HBOND
7mzy	B	697	 	T	-	0.493	3	23	-1.598	2.881	H	-0.032	0.326	2.213	0.908	1.313	B	700	 	Q	H	0.343	14	11	-1.111	-0.772	H	0.931	-0.179	-3.005	-0.503	-1.853	VDW
7mzy	A	821	 	G	-	0.0	43	36	-1.247	2.606	H	-0.384	1.652	1.33	1.045	2.064	A	924	 	G	-	0.0	38	38	-1.167	2.433	H	-0.384	1.652	1.33	1.045	2.064	
7mzy	A	822	 	G	-	0.0	31	41	-1.361	2.604	H	-0.384	1.652	1.33	1.045	2.064	A	935	 	G	-	0.0	40	36	-1.193	2.849	H	-0.384	1.652	1.33	1.045	2.064	HBOND
7mzy	B	748	 	K	-	0.356	10	18	-2.375	1.921	H	1.831	-0.561	0.533	-0.277	1.648	B	849	 	Y	T	0.018	21	25	-0.901	-0.813	H	0.26	0.83	3.097	-0.838	1.512	PICATION
7mzy	B	748	 	K	-	0.356	10	18	-2.375	1.921	H	1.831	-0.561	0.533	-0.277	1.648	B	849	 	Y	T	0.018	21	25	-0.901	-0.813	H	0.26	0.83	3.097	-0.838	1.512	HBOND
7mzy	A	738	 	G	E	0.0	26	25	-2.192	2.494	H	-0.384	1.652	1.33	1.045	2.064	A	758	 	S	E	0.092	17	31	-2.072	2.622	H	-0.228	1.399	-4.76	0.67	-2.647	
7mzy	A	850	 	G	T	0.095	13	23	-1.983	0.447	H	-0.384	1.652	1.33	1.045	2.064	A	948	 	P	T	0.037	18	26	-1.258	0.02	H	0.189	2.081	-1.628	0.421	-1.392	HBOND
7mzy	A	733	 	T	E	0.43	6	17	-1.67	2.201	H	-0.032	0.326	2.213	0.908	1.313	A	983	 	H	E	0.065	12	13	-2.669	2.93	H	0.336	-0.417	-1.673	-1.474	-0.078	
7mzy	A	813	 	E	S	0.454	8	17	-1.6	-1.05	H	1.357	-1.453	1.477	0.113	-0.837	A	912	 	K	H	0.322	15	5	-1.241	-0.772	H	1.831	-0.561	0.533	-0.277	1.648	IONIC
7mzy	A	813	 	E	S	0.454	8	17	-1.6	-1.05	H	1.357	-1.453	1.477	0.113	-0.837	A	912	 	K	H	0.322	15	5	-1.241	-0.772	H	1.831	-0.561	0.533	-0.277	1.648	HBOND
7mzy	B	756	 	G	E	0.0	36	23	-1.246	2.837	H	-0.384	1.652	1.33	1.045	2.064	B	972	 	V	E	0.07	17	19	-2.55	-0.444	H	-1.337	-0.279	-0.544	1.242	-1.262	HBOND
7mzy	A	870	 	L	-	0.396	8	27	-1.878	2.93	H	-1.019	-0.987	-1.505	1.266	-0.912	A	882	 	G	-	0.0	15	38	-1.68	-2.757	H	-0.384	1.652	1.33	1.045	2.064	VDW
7mzy	B	785	 	S	-	0.231	20	4	-2.314	2.623	H	-0.228	1.399	-4.76	0.67	-2.647	B	791	 	Q	H	0.247	5	17	-1.114	-0.59	H	0.931	-0.179	-3.005	-0.503	-1.853	HBOND
7mzy	A	774	 	L	E	0.0	37	24	-1.995	2.033	H	-1.019	-0.987	-1.505	1.266	-0.912	A	825	 	T	E	0.0	25	38	-1.796	2.27	H	-0.032	0.326	2.213	0.908	1.313	VDW
7mzy	B	903	 	G	-	0.012	39	15	-1.104	2.666	H	-0.384	1.652	1.33	1.045	2.064	B	919	 	G	-	0.0	41	26	-1.245	2.773	H	-0.384	1.652	1.33	1.045	2.064	HBOND
7mzy	A	693	 	P	T	0.096	17	28	-1.325	-0.23	H	0.189	2.081	-1.628	0.421	-1.392	A	921	 	F	T	0.02	17	41	-0.854	2.413	H	-1.006	-0.59	1.891	-0.397	0.412	
7mzy	B	742	 	A	-	0.0	15	42	-1.235	2.743	H	-0.591	-1.302	-0.733	1.57	-0.146	B	779	 	G	-	0.0	44	20	-1.137	2.593	H	-0.384	1.652	1.33	1.045	2.064	HBOND
7mzy	A	780	 	E	-	0.345	23	30	-1.227	2.499	H	1.357	-1.453	1.477	0.113	-0.837	A	918	 	R	-	0.121	16	42	-1.403	2.697	H	1.538	-0.055	1.502	0.44	2.897	HBOND
7mzy	A	780	 	E	-	0.345	23	30	-1.227	2.499	H	1.357	-1.453	1.477	0.113	-0.837	A	918	 	R	-	0.121	16	42	-1.403	2.697	H	1.538	-0.055	1.502	0.44	2.897	VDW
7mzy	B	692	 	G	T	0.095	6	37	1.475	-2.792	L	-0.384	1.652	1.33	1.045	2.064	B	777	 	Q	-	0.0	21	35	-1.947	2.57	H	0.931	-0.179	-3.005	-0.503	-1.853	HBOND
7mzy	B	842	 	A	-	0.0	31	37	-1.193	2.621	H	-0.591	-1.302	-0.733	1.57	-0.146	B	957	 	S	E	0.008	24	29	-1.492	2.964	H	-0.228	1.399	-4.76	0.67	-2.647	HBOND
7mzy	B	698	 	Q	H	0.303	8	20	-0.95	-0.721	H	0.931	-0.179	-3.005	-0.503	-1.853	B	702	 	N	H	0.573	5	19	-1.091	-0.744	H	0.945	0.828	1.299	-0.169	0.933	HBOND
7mzy	B	698	 	Q	H	0.303	8	20	-0.95	-0.721	H	0.931	-0.179	-3.005	-0.503	-1.853	B	702	 	N	H	0.573	5	19	-1.091	-0.744	H	0.945	0.828	1.299	-0.169	0.933	VDW
7mzy	A	811	 	V	-	0.014	26	9	-1.717	2.239	H	-1.337	-0.279	-0.544	1.242	-1.262	A	946	 	N	-	0.083	20	21	-1.624	0.994	H	0.945	0.828	1.299	-0.169	0.933	HBOND
7mzy	A	910	 	M	H	0.463	9	17	-1.24	-0.836	H	-0.663	-1.524	2.219	-1.005	1.212	A	914	 	G	-	0.452	6	21	1.058	0.653	L	-0.384	1.652	1.33	1.045	2.064	HBOND
7mzy	A	878	 	G	-	0.0	33	27	-1.586	2.455	H	-0.384	1.652	1.33	1.045	2.064	A	926	 	G	-	0.0	23	45	-1.265	2.696	H	-0.384	1.652	1.33	1.045	2.064	HBOND
7mzy	A	741	 	A	-	0.0	35	25	-1.633	2.74	H	-0.591	-1.302	-0.733	1.57	-0.146	A	975	 	G	S	0.274	9	29	-0.984	-1.186	H	-0.384	1.652	1.33	1.045	2.064	
7mzy	A	743	 	G	-	0.0	36	30	-1.356	2.952	H	-0.384	1.652	1.33	1.045	2.064	A	753	 	R	-	0.137	28	19	-1.2	2.81	H	1.538	-0.055	1.502	0.44	2.897	HBOND
7mzy	A	826	 	Y	E	0.0	28	34	-2.137	2.317	H	0.26	0.83	3.097	-0.838	1.512	A	882	 	G	-	0.0	15	38	-1.68	-2.757	H	-0.384	1.652	1.33	1.045	2.064	
7mzy	A	811	 	V	-	0.014	26	9	-1.717	2.239	H	-1.337	-0.279	-0.544	1.242	-1.262	A	814	 	W	S	0.269	14	22	-1.583	0.977	H	-0.595	0.009	0.672	-2.128	-0.184	
7mzy	A	800	 	V	H	0.211	11	11	-1.086	-0.631	H	-1.337	-0.279	-0.544	1.242	-1.262	A	803	 	E	H	0.459	6	11	-1.094	-0.78	H	1.357	-1.453	1.477	0.113	-0.837	
7mzy	B	741	 	A	-	0.0	35	25	-1.556	2.664	H	-0.591	-1.302	-0.733	1.57	-0.146	B	823	 	G	-	0.0	32	46	-1.247	2.568	H	-0.384	1.652	1.33	1.045	2.064	HBOND
7mzy	B	741	 	A	-	0.0	35	25	-1.556	2.664	H	-0.591	-1.302	-0.733	1.57	-0.146	B	823	 	G	-	0.0	32	46	-1.247	2.568	H	-0.384	1.652	1.33	1.045	2.064	VDW
7mzy	B	837	 	P	E	0.103	22	15	-1.356	2.457	H	0.189	2.081	-1.628	0.421	-1.392	B	960	 	S	-	0.069	14	17	-1.232	2.582	H	-0.228	1.399	-4.76	0.67	-2.647	
7mzy	B	878	 	G	-	0.0	32	28	-1.491	2.512	H	-0.384	1.652	1.33	1.045	2.064	B	891	 	W	T	0.225	24	21	-1.609	-0.078	H	-0.595	0.009	0.672	-2.128	-0.184	VDW
7mzy	B	698	 	Q	H	0.303	8	20	-0.95	-0.721	H	0.931	-0.179	-3.005	-0.503	-1.853	B	712	 	V	-	0.063	28	7	-2.345	2.74	H	-1.337	-0.279	-0.544	1.242	-1.262	HBOND
7mzy	B	872	 	G	-	0.119	32	15	-1.348	2.931	H	-0.384	1.652	1.33	1.045	2.064	B	939	 	G	-	0.024	34	23	-1.238	2.67	H	-0.384	1.652	1.33	1.045	2.064	
7mzy	A	698	 	Q	H	0.308	9	19	-0.979	-0.753	H	0.931	-0.179	-3.005	-0.503	-1.853	A	702	 	N	H	0.535	5	19	-1.001	-0.74	H	0.945	0.828	1.299	-0.169	0.933	HBOND
7mzy	B	877	 	A	S	0.0	41	20	-1.393	2.761	H	-0.591	-1.302	-0.733	1.57	-0.146	B	930	 	S	S	0.0	24	29	-1.321	2.853	H	-0.228	1.399	-4.76	0.67	-2.647	VDW
7mzy	A	904	 	H	-	0.364	10	36	-1.301	3.064	H	0.336	-0.417	-1.673	-1.474	-0.078	A	926	 	G	-	0.0	23	45	-1.265	2.696	H	-0.384	1.652	1.33	1.045	2.064	
7mzy	A	738	 	G	E	0.0	26	25	-2.192	2.494	H	-0.384	1.652	1.33	1.045	2.064	A	759	 	V	E	0.0	28	21	-2.471	2.4	H	-1.337	-0.279	-0.544	1.242	-1.262	HBOND
7mzy	A	816	 	G	-	0.0	21	33	2.247	3.026	L	-0.384	1.652	1.33	1.045	2.064	A	928	 	C	S	0.03	28	39	-2.104	-2.132	H	-1.343	0.465	-0.862	-1.02	-0.255	VDW
7mzy	A	891	 	W	T	0.203	24	22	-1.568	-0.178	H	-0.595	0.009	0.672	-2.128	-0.184	A	903	 	G	-	0.012	40	15	-1.268	2.674	H	-0.384	1.652	1.33	1.045	2.064	
7mzy	A	790	 	I	H	0.006	18	14	-1.118	-0.728	H	-1.239	-0.547	2.131	0.393	0.816	A	793	 	V	H	0.042	23	9	-1.089	-0.824	H	-1.337	-0.279	-0.544	1.242	-1.262	HBOND
7mzy	A	790	 	I	H	0.006	18	14	-1.118	-0.728	H	-1.239	-0.547	2.131	0.393	0.816	A	793	 	V	H	0.042	23	9	-1.089	-0.824	H	-1.337	-0.279	-0.544	1.242	-1.262	VDW
7mzy	B	883	 	W	S	0.084	21	29	-1.329	-0.755	H	-0.595	0.009	0.672	-2.128	-0.184	B	937	 	Y	S	0.023	22	33	-1.182	-0.8	H	0.26	0.83	3.097	-0.838	1.512	PIPISTACK
7mzy	B	883	 	W	S	0.084	21	29	-1.329	-0.755	H	-0.595	0.009	0.672	-2.128	-0.184	B	937	 	Y	S	0.023	22	33	-1.182	-0.8	H	0.26	0.83	3.097	-0.838	1.512	HBOND
7mzy	A	784	 	P	S	0.779	3	23	-1.462	-3.077	H	0.189	2.081	-1.628	0.421	-1.392	A	791	 	Q	H	0.303	5	18	-1.04	-0.613	H	0.931	-0.179	-3.005	-0.503	-1.853	
7mzy	B	741	 	A	-	0.0	35	25	-1.556	2.664	H	-0.591	-1.302	-0.733	1.57	-0.146	B	844	 	G	-	0.0	28	42	-1.441	2.523	H	-0.384	1.652	1.33	1.045	2.064	HBOND
7mzy	A	812	 	H	S	0.652	3	25	-2.018	-0.601	H	0.336	-0.417	-1.673	-1.474	-0.078	A	908	 	Q	H	0.278	12	14	-1.203	-0.665	H	0.931	-0.179	-3.005	-0.503	-1.853	
7mzy	A	849	 	Y	T	0.023	21	26	-0.817	-0.814	H	0.26	0.83	3.097	-0.838	1.512	A	929	 	S	S	0.0	19	39	-1.482	-0.601	H	-0.228	1.399	-4.76	0.67	-2.647	
7mzy	A	761	 	G	E	0.0	20	16	-2.407	2.796	H	-0.384	1.652	1.33	1.045	2.064	A	964	 	I	E	0.562	11	18	-1.751	2.128	H	-1.239	-0.547	2.131	0.393	0.816	
7mzy	A	754	 	S	-	0.062	33	20	-1.483	2.073	H	-0.228	1.399	-4.76	0.67	-2.647	A	845	 	G	-	0.012	25	42	-1.316	2.657	H	-0.384	1.652	1.33	1.045	2.064	
7mzy	A	848	 	A	-	0.009	21	31	-1.172	2.755	H	-0.591	-1.302	-0.733	1.57	-0.146	A	950	 	M	-	0.415	21	19	-1.713	1.873	H	-0.663	-1.524	2.219	-1.005	1.212	
7mzy	B	885	 	D	-	0.264	21	6	-2.677	-3.131	H	1.05	0.302	-3.656	-0.259	-3.242	B	898	 	E	G	0.284	20	11	-1.64	0.049	H	1.357	-1.453	1.477	0.113	-0.837	
7mzy	A	954	 	D	-	0.172	24	37	-1.139	2.735	H	1.05	0.302	-3.656	-0.259	-3.242	A	971	 	K	E	0.107	20	21	-1.113	2.456	H	1.831	-0.561	0.533	-0.277	1.648	IONIC
7mzy	A	954	 	D	-	0.172	24	37	-1.139	2.735	H	1.05	0.302	-3.656	-0.259	-3.242	A	971	 	K	E	0.107	20	21	-1.113	2.456	H	1.831	-0.561	0.533	-0.277	1.648	HBOND
7mzy	A	684	 	L	E	0.433	6	24	-2.072	1.925	H	-1.019	-0.987	-1.505	1.266	-0.912	A	979	 	V	E	0.0	25	17	-2.244	2.31	H	-1.337	-0.279	-0.544	1.242	-1.262	
7mzy	A	713	 	E	E	0.649	8	19	-1.864	2.227	H	1.357	-1.453	1.477	0.113	-0.837	A	725	 	I	E	0.101	13	19	-1.864	2.211	H	-1.239	-0.547	2.131	0.393	0.816	HBOND
7mzy	A	713	 	E	E	0.649	8	19	-1.864	2.227	H	1.357	-1.453	1.477	0.113	-0.837	A	725	 	I	E	0.101	13	19	-1.864	2.211	H	-1.239	-0.547	2.131	0.393	0.816	VDW
7mzy	A	696	 	P	-	0.037	23	14	-1.291	2.847	H	0.189	2.081	-1.628	0.421	-1.392	A	714	 	V	E	0.056	15	15	-1.895	2.127	H	-1.337	-0.279	-0.544	1.242	-1.262	
7mzy	B	734	 	Y	E	0.0	17	13	-2.212	2.667	H	0.26	0.83	3.097	-0.838	1.512	B	982	 	K	E	0.268	13	19	-2.669	2.884	H	1.831	-0.561	0.533	-0.277	1.648	
7mzy	A	873	 	N	-	0.478	9	25	-1.059	2.395	H	0.945	0.828	1.299	-0.169	0.933	A	941	 	N	-	0.567	5	41	-1.291	2.431	H	0.945	0.828	1.299	-0.169	0.933	HBOND
7mzy	B	870	 	L	-	0.457	7	29	-1.684	2.869	H	-1.019	-0.987	-1.505	1.266	-0.912	B	939	 	G	-	0.024	34	23	-1.238	2.67	H	-0.384	1.652	1.33	1.045	2.064	HBOND
7mzy	B	870	 	L	-	0.457	7	29	-1.684	2.869	H	-1.019	-0.987	-1.505	1.266	-0.912	B	939	 	G	-	0.024	34	23	-1.238	2.67	H	-0.384	1.652	1.33	1.045	2.064	VDW
7mzy	B	788	 	Q	H	0.732	0	17	-1.149	-0.655	H	0.931	-0.179	-3.005	-0.503	-1.853	B	791	 	Q	H	0.247	5	17	-1.114	-0.59	H	0.931	-0.179	-3.005	-0.503	-1.853	VDW
7mzy	B	902	 	G	-	0.036	31	26	-1.131	2.581	H	-0.384	1.652	1.33	1.045	2.064	B	918	 	R	-	0.085	17	42	-1.541	2.759	H	1.538	-0.055	1.502	0.44	2.897	HBOND
7mzy	B	782	 	A	S	0.038	28	20	-1.171	-0.626	H	-0.591	-1.302	-0.733	1.57	-0.146	B	915	 	W	-	0.031	27	15	-1.564	1.432	H	-0.595	0.009	0.672	-2.128	-0.184	HBOND
7mzy	A	787	 	N	S	0.376	11	6	-1.45	2.063	H	0.945	0.828	1.299	-0.169	0.933	A	791	 	Q	H	0.303	5	18	-1.04	-0.613	H	0.931	-0.179	-3.005	-0.503	-1.853	HBOND
7mzy	A	825	 	T	E	0.0	25	38	-1.796	2.27	H	-0.032	0.326	2.213	0.908	1.313	A	979	 	V	E	0.0	25	17	-2.244	2.31	H	-1.337	-0.279	-0.544	1.242	-1.262	
7mzy	A	919	 	G	-	0.0	40	26	-1.277	2.789	H	-0.384	1.652	1.33	1.045	2.064	A	925	 	G	-	0.0	39	37	-1.396	2.608	H	-0.384	1.652	1.33	1.045	2.064	
7mzy	B	903	 	G	-	0.012	39	15	-1.104	2.666	H	-0.384	1.652	1.33	1.045	2.064	B	924	 	G	-	0.0	39	37	-1.12	2.383	H	-0.384	1.652	1.33	1.045	2.064	HBOND
7mzy	A	871	 	N	-	0.197	26	21	-1.19	2.698	H	0.945	0.828	1.299	-0.169	0.933	A	882	 	G	-	0.0	15	38	-1.68	-2.757	H	-0.384	1.652	1.33	1.045	2.064	HBOND
7mzy	A	701	 	C	H	0.0	20	12	-1.209	-0.665	H	-1.343	0.465	-0.862	-1.02	-0.255	A	704	 	A	H	0.443	16	7	-1.105	-0.636	H	-0.591	-1.302	-0.733	1.57	-0.146	
7mzy	B	828	 	F	E	0.005	18	22	-2.553	2.971	H	-1.006	-0.59	1.891	-0.397	0.412	B	836	 	V	E	0.204	10	19	-2.228	2.045	H	-1.337	-0.279	-0.544	1.242	-1.262	VDW
7mzy	A	742	 	A	-	0.0	17	43	-1.353	2.722	H	-0.591	-1.302	-0.733	1.57	-0.146	A	975	 	G	S	0.274	9	29	-0.984	-1.186	H	-0.384	1.652	1.33	1.045	2.064	HBOND
7mzy	A	785	 	S	-	0.238	19	4	-2.401	2.59	H	-0.228	1.399	-4.76	0.67	-2.647	A	791	 	Q	H	0.303	5	18	-1.04	-0.613	H	0.931	-0.179	-3.005	-0.503	-1.853	HBOND
7mzy	A	754	 	S	-	0.062	33	20	-1.483	2.073	H	-0.228	1.399	-4.76	0.67	-2.647	A	971	 	K	E	0.107	20	21	-1.113	2.456	H	1.831	-0.561	0.533	-0.277	1.648	
7mzy	B	817	 	G	-	0.0	24	34	1.773	-0.201	L	-0.384	1.652	1.33	1.045	2.064	B	849	 	Y	T	0.018	21	25	-0.901	-0.813	H	0.26	0.83	3.097	-0.838	1.512	
7mzy	B	683	 	W	E	0.101	15	13	-2.165	2.038	H	-0.595	0.009	0.672	-2.128	-0.184	B	709	 	N	S	0.548	6	11	-1.53	0.188	H	0.945	0.828	1.299	-0.169	0.933	
7mzy	B	758	 	S	E	0.008	20	33	-1.735	2.469	H	-0.228	1.399	-4.76	0.67	-2.647	B	969	 	A	-	0.123	19	19	-1.052	2.472	H	-0.591	-1.302	-0.733	1.57	-0.146	VDW
7mzy	B	900	 	A	-	0.0	29	23	1.184	0.267	L	-0.591	-1.302	-0.733	1.57	-0.146	B	923	 	G	T	0.0	40	33	1.673	0.174	L	-0.384	1.652	1.33	1.045	2.064	HBOND
7mzy	A	739	 	Y	E	0.27	20	34	-2.109	2.141	H	0.26	0.83	3.097	-0.838	1.512	A	978	 	E	E	0.206	12	33	-2.925	2.843	H	1.357	-1.453	1.477	0.113	-0.837	HBOND
7mzy	A	739	 	Y	E	0.27	20	34	-2.109	2.141	H	0.26	0.83	3.097	-0.838	1.512	A	978	 	E	E	0.206	12	33	-2.925	2.843	H	1.357	-1.453	1.477	0.113	-0.837	VDW
7mzy	B	763	 	F	E	0.03	20	14	-2.471	2.527	H	-1.006	-0.59	1.891	-0.397	0.412	B	963	 	G	S	0.167	22	5	-2.046	3.037	H	-0.384	1.652	1.33	1.045	2.064	
7mzy	A	883	 	W	S	0.084	21	29	-1.37	-0.75	H	-0.595	0.009	0.672	-2.128	-0.184	A	936	 	G	S	0.0	33	37	3.136	-2.908	L	-0.384	1.652	1.33	1.045	2.064	
7mzy	B	845	 	G	-	0.012	23	44	-1.228	2.67	H	-0.384	1.652	1.33	1.045	2.064	B	952	 	G	-	0.083	48	13	-1.376	2.658	H	-0.384	1.652	1.33	1.045	2.064	VDW
7mzy	A	778	 	Q	-	0.222	15	43	-1.1	2.468	H	0.931	-0.179	-3.005	-0.503	-1.853	A	976	 	H	S	0.337	17	32	-1.406	2.866	H	0.336	-0.417	-1.673	-1.474	-0.078	HBOND
7mzy	A	778	 	Q	-	0.222	15	43	-1.1	2.468	H	0.931	-0.179	-3.005	-0.503	-1.853	A	976	 	H	S	0.337	17	32	-1.406	2.866	H	0.336	-0.417	-1.673	-1.474	-0.078	VDW
7mzy	A	698	 	Q	H	0.308	9	19	-0.979	-0.753	H	0.931	-0.179	-3.005	-0.503	-1.853	A	712	 	V	-	0.056	26	9	-2.215	2.773	H	-1.337	-0.279	-0.544	1.242	-1.262	HBOND
7mzy	A	879	 	G	-	0.0	19	43	-1.25	2.819	H	-0.384	1.652	1.33	1.045	2.064	A	925	 	G	-	0.0	39	37	-1.396	2.608	H	-0.384	1.652	1.33	1.045	2.064	
7mzy	B	801	 	I	H	0.0	19	14	-1.245	-0.771	H	-1.239	-0.547	2.131	0.393	0.816	B	804	 	E	H	0.103	11	8	-1.091	-0.672	H	1.357	-1.453	1.477	0.113	-0.837	HBOND
7mzy	B	739	 	Y	E	0.059	23	33	-2.296	2.153	H	0.26	0.83	3.097	-0.838	1.512	B	757	 	V	E	0.021	26	28	-1.678	2.455	H	-1.337	-0.279	-0.544	1.242	-1.262	
7mzy	B	822	 	G	-	0.0	32	40	-1.333	2.551	H	-0.384	1.652	1.33	1.045	2.064	B	844	 	G	-	0.0	28	42	-1.441	2.523	H	-0.384	1.652	1.33	1.045	2.064	HBOND
7mzy	B	906	 	C	-	0.044	26	21	-1.044	2.483	H	-1.343	0.465	-0.862	-1.02	-0.255	B	909	 	A	H	0.0	24	10	-1.12	-0.693	H	-0.591	-1.302	-0.733	1.57	-0.146	HBOND
7mzy	B	906	 	C	-	0.044	26	21	-1.044	2.483	H	-1.343	0.465	-0.862	-1.02	-0.255	B	909	 	A	H	0.0	24	10	-1.12	-0.693	H	-0.591	-1.302	-0.733	1.57	-0.146	VDW
7mzy	B	906	 	C	-	0.044	26	21	-1.044	2.483	H	-1.343	0.465	-0.862	-1.02	-0.255	B	910	 	M	H	0.394	11	14	-1.141	-0.785	H	-0.663	-1.524	2.219	-1.005	1.212	HBOND
7mzy	B	906	 	C	-	0.044	26	21	-1.044	2.483	H	-1.343	0.465	-0.862	-1.02	-0.255	B	910	 	M	H	0.394	11	14	-1.141	-0.785	H	-0.663	-1.524	2.219	-1.005	1.212	VDW
7mzy	B	748	 	K	-	0.356	10	18	-2.375	1.921	H	1.831	-0.561	0.533	-0.277	1.648	B	751	 	M	S	0.362	18	4	-1.408	1.856	H	-0.663	-1.524	2.219	-1.005	1.212	HBOND
7mzy	B	848	 	A	-	0.009	16	33	-1.215	2.805	H	-0.591	-1.302	-0.733	1.57	-0.146	B	951	 	D	-	0.387	17	35	-1.192	2.757	H	1.05	0.302	-3.656	-0.259	-3.242	HBOND
7mzy	B	776	 	G	-	0.0	40	26	-1.077	2.545	H	-0.384	1.652	1.33	1.045	2.064	B	977	 	G	-	0.06	35	17	-1.368	-3.063	H	-0.384	1.652	1.33	1.045	2.064	HBOND
7mzy	B	776	 	G	-	0.0	40	26	-1.077	2.545	H	-0.384	1.652	1.33	1.045	2.064	B	977	 	G	-	0.06	35	17	-1.368	-3.063	H	-0.384	1.652	1.33	1.045	2.064	VDW
7mzy	B	891	 	W	T	0.225	24	21	-1.609	-0.078	H	-0.595	0.009	0.672	-2.128	-0.184	B	926	 	G	-	0.0	23	45	-1.213	2.668	H	-0.384	1.652	1.33	1.045	2.064	HBOND
7mzy	A	728	 	V	-	0.0	17	10	-1.137	2.187	H	-1.337	-0.279	-0.544	1.242	-1.262	A	734	 	Y	E	0.005	18	13	-2.066	2.585	H	0.26	0.83	3.097	-0.838	1.512	
7mzy	A	938	 	I	B	0.16	13	34	-1.951	2.273	H	-1.239	-0.547	2.131	0.393	0.816	A	956	 	V	B	0.092	19	33	-1.738	2.292	H	-1.337	-0.279	-0.544	1.242	-1.262	HBOND
7mzy	A	938	 	I	B	0.16	13	34	-1.951	2.273	H	-1.239	-0.547	2.131	0.393	0.816	A	956	 	V	B	0.092	19	33	-1.738	2.292	H	-1.337	-0.279	-0.544	1.242	-1.262	VDW
7mzy	B	733	 	T	E	0.225	8	17	-1.514	2.342	H	-0.032	0.326	2.213	0.908	1.313	B	763	 	F	E	0.03	20	14	-2.471	2.527	H	-1.006	-0.59	1.891	-0.397	0.412	
7mzy	B	744	 	G	-	0.0	33	28	-1.42	2.827	H	-0.384	1.652	1.33	1.045	2.064	B	820	 	G	-	0.0	32	39	-1.27	2.724	H	-0.384	1.652	1.33	1.045	2.064	HBOND
7mzy	A	873	 	N	-	0.478	9	25	-1.059	2.395	H	0.945	0.828	1.299	-0.169	0.933	A	879	 	G	-	0.0	19	43	-1.25	2.819	H	-0.384	1.652	1.33	1.045	2.064	VDW
7mzy	A	870	 	L	-	0.396	8	27	-1.878	2.93	H	-1.019	-0.987	-1.505	1.266	-0.912	A	938	 	I	B	0.16	13	34	-1.951	2.273	H	-1.239	-0.547	2.131	0.393	0.816	VDW
7mzy	A	934	 	G	-	0.0	32	43	-1.411	2.64	H	-0.384	1.652	1.33	1.045	2.064	A	953	 	E	-	0.381	20	36	-1.366	2.642	H	1.357	-1.453	1.477	0.113	-0.837	HBOND
7mzy	A	934	 	G	-	0.0	32	43	-1.411	2.64	H	-0.384	1.652	1.33	1.045	2.064	A	953	 	E	-	0.381	20	36	-1.366	2.642	H	1.357	-1.453	1.477	0.113	-0.837	VDW
7mzy	B	905	 	S	-	0.015	24	28	-1.278	2.879	H	-0.228	1.399	-4.76	0.67	-2.647	B	917	 	T	-	0.014	35	20	-2.326	1.663	H	-0.032	0.326	2.213	0.908	1.313	
7mzy	A	909	 	A	H	0.0	23	11	-1.026	-0.656	H	-0.591	-1.302	-0.733	1.57	-0.146	A	915	 	W	-	0.026	27	15	-1.582	1.597	H	-0.595	0.009	0.672	-2.128	-0.184	HBOND
7mzy	A	909	 	A	H	0.0	23	11	-1.026	-0.656	H	-0.591	-1.302	-0.733	1.57	-0.146	A	915	 	W	-	0.026	27	15	-1.582	1.597	H	-0.595	0.009	0.672	-2.128	-0.184	VDW
7mzy	A	683	 	W	E	0.053	16	12	-2.176	2.329	H	-0.595	0.009	0.672	-2.128	-0.184	A	726	 	W	E	0.04	20	10	-2.253	2.323	H	-0.595	0.009	0.672	-2.128	-0.184	PIPISTACK
7mzy	B	735	 	S	E	0.185	18	18	-1.692	2.378	H	-0.228	1.399	-4.76	0.67	-2.647	B	981	 	I	E	0.0	19	19	-2.063	2.393	H	-1.239	-0.547	2.131	0.393	0.816	
7mzy	A	741	 	A	-	0.0	35	25	-1.633	2.74	H	-0.591	-1.302	-0.733	1.57	-0.146	A	823	 	G	-	0.0	31	47	-1.268	2.593	H	-0.384	1.652	1.33	1.045	2.064	HBOND
7mzy	A	741	 	A	-	0.0	35	25	-1.633	2.74	H	-0.591	-1.302	-0.733	1.57	-0.146	A	823	 	G	-	0.0	31	47	-1.268	2.593	H	-0.384	1.652	1.33	1.045	2.064	VDW
7mzy	A	823	 	G	-	0.0	31	47	-1.268	2.593	H	-0.384	1.652	1.33	1.045	2.064	A	922	 	G	T	0.0	38	35	1.767	0.28	L	-0.384	1.652	1.33	1.045	2.064	VDW
7mzy	B	772	 	Y	E	0.158	18	19	-2.041	2.218	H	0.26	0.83	3.097	-0.838	1.512	B	827	 	V	E	0.007	25	26	-2.093	2.167	H	-1.337	-0.279	-0.544	1.242	-1.262	
7mzy	A	828	 	F	E	0.01	18	22	-2.516	2.936	H	-1.006	-0.59	1.891	-0.397	0.412	A	836	 	V	E	0.239	12	19	-2.194	2.085	H	-1.337	-0.279	-0.544	1.242	-1.262	
7mzy	B	907	 	P	H	0.456	4	29	-0.995	-0.639	H	0.189	2.081	-1.628	0.421	-1.392	B	910	 	M	H	0.394	11	14	-1.141	-0.785	H	-0.663	-1.524	2.219	-1.005	1.212	VDW
7mzy	A	935	 	G	-	0.0	40	36	-1.193	2.849	H	-0.384	1.652	1.33	1.045	2.064	A	955	 	G	-	0.024	42	20	-1.248	3.015	H	-0.384	1.652	1.33	1.045	2.064	
7mzy	A	777	 	Q	-	0.0	20	35	-1.984	2.627	H	0.931	-0.179	-3.005	-0.503	-1.853	A	920	 	G	-	0.0	37	28	-1.444	2.587	H	-0.384	1.652	1.33	1.045	2.064	VDW
7mzy	A	827	 	V	E	0.007	24	26	-2.167	2.155	H	-1.337	-0.279	-0.544	1.242	-1.262	A	838	 	L	E	0.006	22	22	-1.82	-0.996	H	-1.019	-0.987	-1.505	1.266	-0.912	HBOND
7mzy	A	715	 	G	B	0.214	14	10	-1.121	2.607	H	-0.384	1.652	1.33	1.045	2.064	A	722	 	G	T	0.012	21	21	1.408	0.012	L	-0.384	1.652	1.33	1.045	2.064	HBOND
7mzy	B	906	 	C	-	0.044	26	21	-1.044	2.483	H	-1.343	0.465	-0.862	-1.02	-0.255	B	927	 	G	-	0.0	34	36	-1.526	2.756	H	-0.384	1.652	1.33	1.045	2.064	HBOND
7mzy	B	878	 	G	-	0.0	32	28	-1.491	2.512	H	-0.384	1.652	1.33	1.045	2.064	B	933	 	G	-	0.0	29	43	-1.412	2.627	H	-0.384	1.652	1.33	1.045	2.064	HBOND
7mzy	B	819	 	G	-	0.0	32	32	-1.296	2.658	H	-0.384	1.652	1.33	1.045	2.064	B	931	 	G	-	0.0	30	37	-1.549	2.632	H	-0.384	1.652	1.33	1.045	2.064	VDW
7mzy	B	745	 	K	-	0.176	13	36	-1.58	2.843	H	1.831	-0.561	0.533	-0.277	1.648	B	781	 	D	-	0.331	12	36	-1.431	2.475	H	1.05	0.302	-3.656	-0.259	-3.242	HBOND
7mzy	B	745	 	K	-	0.176	13	36	-1.58	2.843	H	1.831	-0.561	0.533	-0.277	1.648	B	781	 	D	-	0.331	12	36	-1.431	2.475	H	1.05	0.302	-3.656	-0.259	-3.242	VDW
7mzy	B	780	 	E	-	0.289	24	28	-1.256	2.5	H	1.357	-1.453	1.477	0.113	-0.837	B	917	 	T	-	0.014	35	20	-2.326	1.663	H	-0.032	0.326	2.213	0.908	1.313	
7mzy	A	776	 	G	-	0.0	38	28	-1.143	2.604	H	-0.384	1.652	1.33	1.045	2.064	A	824	 	A	-	0.0	31	38	-1.355	2.772	H	-0.591	-1.302	-0.733	1.57	-0.146	
7mzy	A	742	 	A	-	0.0	17	43	-1.353	2.722	H	-0.591	-1.302	-0.733	1.57	-0.146	A	754	 	S	-	0.062	33	20	-1.483	2.073	H	-0.228	1.399	-4.76	0.67	-2.647	
7mzy	A	878	 	G	-	0.0	33	27	-1.586	2.455	H	-0.384	1.652	1.33	1.045	2.064	A	925	 	G	-	0.0	39	37	-1.396	2.608	H	-0.384	1.652	1.33	1.045	2.064	
7mzy	A	848	 	A	-	0.009	21	31	-1.172	2.755	H	-0.591	-1.302	-0.733	1.57	-0.146	A	951	 	D	-	0.233	23	33	-1.21	2.729	H	1.05	0.302	-3.656	-0.259	-3.242	HBOND
7mzy	B	705	 	Y	T	0.081	17	6	-1.696	0.074	H	0.26	0.83	3.097	-0.838	1.512	B	724	 	Q	E	0.005	25	18	-1.618	2.196	H	0.931	-0.179	-3.005	-0.503	-1.853	
7mzy	A	819	 	G	-	0.0	31	31	-1.352	2.708	H	-0.384	1.652	1.33	1.045	2.064	A	932	 	G	-	0.0	42	36	-1.36	2.647	H	-0.384	1.652	1.33	1.045	2.064	HBOND
7mzy	B	739	 	Y	E	0.059	23	33	-2.296	2.153	H	0.26	0.83	3.097	-0.838	1.512	B	977	 	G	-	0.06	35	17	-1.368	-3.063	H	-0.384	1.652	1.33	1.045	2.064	
7mzy	A	736	 	I	E	0.0	23	19	-2.203	2.027	H	-1.239	-0.547	2.131	0.393	0.816	A	839	 	I	E	0.006	30	24	-2.403	2.4	H	-1.239	-0.547	2.131	0.393	0.816	
7mzy	B	735	 	S	E	0.185	18	18	-1.692	2.378	H	-0.228	1.399	-4.76	0.67	-2.647	B	982	 	K	E	0.268	13	19	-2.669	2.884	H	1.831	-0.561	0.533	-0.277	1.648	HBOND
7mzy	B	735	 	S	E	0.185	18	18	-1.692	2.378	H	-0.228	1.399	-4.76	0.67	-2.647	B	982	 	K	E	0.268	13	19	-2.669	2.884	H	1.831	-0.561	0.533	-0.277	1.648	VDW
7mzy	B	800	 	V	H	0.218	12	12	-1.018	-0.637	H	-1.337	-0.279	-0.544	1.242	-1.262	B	814	 	W	S	0.273	15	20	-1.586	0.953	H	-0.595	0.009	0.672	-2.128	-0.184	VDW
7mzy	B	754	 	S	-	0.208	31	16	-1.357	2.072	H	-0.228	1.399	-4.76	0.67	-2.647	B	954	 	D	-	0.135	20	37	-1.211	2.774	H	1.05	0.302	-3.656	-0.259	-3.242	HBOND
7mzy	B	790	 	I	H	0.012	17	13	-1.041	-0.718	H	-1.239	-0.547	2.131	0.393	0.816	B	794	 	C	H	0.17	18	15	-1.048	-0.666	H	-1.343	0.465	-0.862	-1.02	-0.255	HBOND
7mzy	A	848	 	A	-	0.009	21	31	-1.172	2.755	H	-0.591	-1.302	-0.733	1.57	-0.146	A	948	 	P	T	0.037	18	26	-1.258	0.02	H	0.189	2.081	-1.628	0.421	-1.392	
7mzy	B	883	 	W	S	0.084	21	29	-1.329	-0.755	H	-0.595	0.009	0.672	-2.128	-0.184	B	936	 	G	S	0.0	32	37	-3.101	-2.91	H	-0.384	1.652	1.33	1.045	2.064	
7mzy	B	777	 	Q	-	0.0	21	35	-1.947	2.57	H	0.931	-0.179	-3.005	-0.503	-1.853	B	921	 	F	T	0.02	19	39	-0.877	2.429	H	-1.006	-0.59	1.891	-0.397	0.412	HBOND
7mzy	A	731	 	T	S	0.669	1	17	-1.136	2.052	H	-0.032	0.326	2.213	0.908	1.313	A	766	 	E	-	0.66	2	15	-1.861	2.494	H	1.357	-1.453	1.477	0.113	-0.837	
7mzy	B	879	 	G	-	0.012	20	43	-1.287	2.785	H	-0.384	1.652	1.33	1.045	2.064	B	940	 	G	-	0.012	34	23	-1.215	2.486	H	-0.384	1.652	1.33	1.045	2.064	
7mzy	B	805	 	I	H	0.355	12	11	-1.122	-0.677	H	-1.239	-0.547	2.131	0.393	0.816	B	809	 	R	S	0.923	0	17	1.124	0.153	L	1.538	-0.055	1.502	0.44	2.897	HBOND
7mzy	B	745	 	K	-	0.176	13	36	-1.58	2.843	H	1.831	-0.561	0.533	-0.277	1.648	B	819	 	G	-	0.0	32	32	-1.296	2.658	H	-0.384	1.652	1.33	1.045	2.064	
7mzy	A	815	 	A	-	0.009	23	21	-1.252	2.59	H	-0.591	-1.302	-0.733	1.57	-0.146	A	929	 	S	S	0.0	19	39	-1.482	-0.601	H	-0.228	1.399	-4.76	0.67	-2.647	
7mzy	B	879	 	G	-	0.012	20	43	-1.287	2.785	H	-0.384	1.652	1.33	1.045	2.064	B	893	 	G	-	0.0	42	23	-1.159	2.459	H	-0.384	1.652	1.33	1.045	2.064	HBOND
7mzy	B	879	 	G	-	0.012	20	43	-1.287	2.785	H	-0.384	1.652	1.33	1.045	2.064	B	893	 	G	-	0.0	42	23	-1.159	2.459	H	-0.384	1.652	1.33	1.045	2.064	VDW
7mzy	B	906	 	C	-	0.044	26	21	-1.044	2.483	H	-1.343	0.465	-0.862	-1.02	-0.255	B	928	 	C	S	0.037	28	38	-2.142	-2.138	H	-1.343	0.465	-0.862	-1.02	-0.255	SSBOND
7mzy	A	692	 	G	T	0.107	6	35	1.536	-2.877	L	-0.384	1.652	1.33	1.045	2.064	A	777	 	Q	-	0.0	20	35	-1.984	2.627	H	0.931	-0.179	-3.005	-0.503	-1.853	HBOND
7mzy	A	698	 	Q	H	0.308	9	19	-0.979	-0.753	H	0.931	-0.179	-3.005	-0.503	-1.853	A	713	 	E	E	0.649	8	19	-1.864	2.227	H	1.357	-1.453	1.477	0.113	-0.837	
7mzy	B	859	 	E	-	0.351	17	12	-1.203	2.28	H	1.357	-1.453	1.477	0.113	-0.837	B	971	 	K	E	0.229	17	24	-1.31	2.221	H	1.831	-0.561	0.533	-0.277	1.648	HBOND
7mzy	B	859	 	E	-	0.351	17	12	-1.203	2.28	H	1.357	-1.453	1.477	0.113	-0.837	B	971	 	K	E	0.229	17	24	-1.31	2.221	H	1.831	-0.561	0.533	-0.277	1.648	VDW
7mzy	B	842	 	A	-	0.0	31	37	-1.193	2.621	H	-0.591	-1.302	-0.733	1.57	-0.146	B	935	 	G	-	0.0	38	37	-1.155	2.871	H	-0.384	1.652	1.33	1.045	2.064	
7mzy	B	747	 	G	S	0.083	27	19	-1.502	0.076	H	-0.384	1.652	1.33	1.045	2.064	B	817	 	G	-	0.0	24	34	1.773	-0.201	L	-0.384	1.652	1.33	1.045	2.064	HBOND
7mzy	A	874	 	S	-	0.215	22	22	-1.876	2.441	H	-0.228	1.399	-4.76	0.67	-2.647	A	879	 	G	-	0.0	19	43	-1.25	2.819	H	-0.384	1.652	1.33	1.045	2.064	HBOND
7mzy	A	874	 	S	-	0.215	22	22	-1.876	2.441	H	-0.228	1.399	-4.76	0.67	-2.647	A	879	 	G	-	0.0	19	43	-1.25	2.819	H	-0.384	1.652	1.33	1.045	2.064	VDW
7mzy	A	729	 	P	-	0.36	12	14	-1.399	-0.459	H	0.189	2.081	-1.628	0.421	-1.392	A	734	 	Y	E	0.005	18	13	-2.066	2.585	H	0.26	0.83	3.097	-0.838	1.512	
7mzy	A	737	 	S	E	0.138	15	28	-2.009	2.344	H	-0.228	1.399	-4.76	0.67	-2.647	A	759	 	V	E	0.0	28	21	-2.471	2.4	H	-1.337	-0.279	-0.544	1.242	-1.262	
7mzy	B	842	 	A	-	0.0	31	37	-1.193	2.621	H	-0.591	-1.302	-0.733	1.57	-0.146	B	955	 	G	-	0.048	42	20	-1.283	3.008	H	-0.384	1.652	1.33	1.045	2.064	
7mzy	A	817	 	G	-	0.0	21	34	1.666	-0.055	L	-0.384	1.652	1.33	1.045	2.064	A	928	 	C	S	0.03	28	39	-2.104	-2.132	H	-1.343	0.465	-0.862	-1.02	-0.255	
7mzy	A	726	 	W	E	0.04	20	10	-2.253	2.323	H	-0.595	0.009	0.672	-2.128	-0.184	A	771	 	L	E	0.012	20	16	-1.797	2.618	H	-1.019	-0.987	-1.505	1.266	-0.912	HBOND
7mzy	A	726	 	W	E	0.04	20	10	-2.253	2.323	H	-0.595	0.009	0.672	-2.128	-0.184	A	771	 	L	E	0.012	20	16	-1.797	2.618	H	-1.019	-0.987	-1.505	1.266	-0.912	VDW
7mzy	A	818	 	G	-	0.0	34	24	-1.526	2.509	H	-0.384	1.652	1.33	1.045	2.064	A	928	 	C	S	0.03	28	39	-2.104	-2.132	H	-1.343	0.465	-0.862	-1.02	-0.255	HBOND
7mzy	A	818	 	G	-	0.0	34	24	-1.526	2.509	H	-0.384	1.652	1.33	1.045	2.064	A	928	 	C	S	0.03	28	39	-2.104	-2.132	H	-1.343	0.465	-0.862	-1.02	-0.255	VDW
7mzy	B	846	 	G	-	0.0	40	26	-1.337	2.606	H	-0.384	1.652	1.33	1.045	2.064	B	952	 	G	-	0.083	48	13	-1.376	2.658	H	-0.384	1.652	1.33	1.045	2.064	HBOND
7mzy	A	821	 	G	-	0.0	43	36	-1.247	2.606	H	-0.384	1.652	1.33	1.045	2.064	A	933	 	G	-	0.0	29	43	-1.298	2.66	H	-0.384	1.652	1.33	1.045	2.064	
7mzy	A	878	 	G	-	0.0	33	27	-1.586	2.455	H	-0.384	1.652	1.33	1.045	2.064	A	891	 	W	T	0.203	24	22	-1.568	-0.178	H	-0.595	0.009	0.672	-2.128	-0.184	VDW
7mzy	A	902	 	G	-	0.036	31	25	-1.096	2.631	H	-0.384	1.652	1.33	1.045	2.064	A	924	 	G	-	0.0	38	38	-1.167	2.433	H	-0.384	1.652	1.33	1.045	2.064	
7mzy	A	881	 	G	-	0.0	36	31	-1.33	2.542	H	-0.384	1.652	1.33	1.045	2.064	A	893	 	G	-	0.0	46	19	-1.216	2.452	H	-0.384	1.652	1.33	1.045	2.064	VDW
7mzy	A	906	 	C	-	0.044	26	20	-1.188	2.645	H	-1.343	0.465	-0.862	-1.02	-0.255	A	909	 	A	H	0.0	23	11	-1.026	-0.656	H	-0.591	-1.302	-0.733	1.57	-0.146	VDW
7mzy	B	744	 	G	-	0.0	33	28	-1.42	2.827	H	-0.384	1.652	1.33	1.045	2.064	B	779	 	G	-	0.0	44	20	-1.137	2.593	H	-0.384	1.652	1.33	1.045	2.064	
7mzy	A	947	 	D	-	0.239	11	26	-1.35	2.075	H	1.05	0.302	-3.656	-0.259	-3.242	A	950	 	M	-	0.415	21	19	-1.713	1.873	H	-0.663	-1.524	2.219	-1.005	1.212	HBOND
7mzy	B	850	 	G	T	0.226	14	22	-1.936	0.688	H	-0.384	1.652	1.33	1.045	2.064	B	948	 	P	T	0.096	17	25	-1.28	-0.007	H	0.189	2.081	-1.628	0.421	-1.392	HBOND
7mzy	B	917	 	T	-	0.014	35	20	-2.326	1.663	H	-0.032	0.326	2.213	0.908	1.313	B	927	 	G	-	0.0	34	36	-1.526	2.756	H	-0.384	1.652	1.33	1.045	2.064	HBOND
7mzy	B	733	 	T	E	0.225	8	17	-1.514	2.342	H	-0.032	0.326	2.213	0.908	1.313	B	984	 	Y	-	0.153	16	17	-1.087	2.427	H	0.26	0.83	3.097	-0.838	1.512	
7mzy	B	862	 	E	E	0.227	19	12	-1.908	2.584	H	1.357	-1.453	1.477	0.113	-0.837	B	958	 	F	E	0.01	26	24	-2.56	2.483	H	-1.006	-0.59	1.891	-0.397	0.412	
7mzy	B	738	 	G	E	0.0	25	27	-1.987	2.521	H	-0.384	1.652	1.33	1.045	2.064	B	841	 	A	E	0.0	31	33	-1.963	2.012	H	-0.591	-1.302	-0.733	1.57	-0.146	
7mzy	A	843	 	G	-	0.012	44	30	-1.517	2.719	H	-0.384	1.652	1.33	1.045	2.064	A	934	 	G	-	0.0	32	43	-1.411	2.64	H	-0.384	1.652	1.33	1.045	2.064	
7mzy	A	885	 	D	-	0.233	21	6	-2.586	3.117	H	1.05	0.302	-3.656	-0.259	-3.242	A	895	 	S	-	0.0	15	31	-1.313	2.852	H	-0.228	1.399	-4.76	0.67	-2.647	HBOND
7mzy	A	885	 	D	-	0.233	21	6	-2.586	3.117	H	1.05	0.302	-3.656	-0.259	-3.242	A	895	 	S	-	0.0	15	31	-1.313	2.852	H	-0.228	1.399	-4.76	0.67	-2.647	VDW
7mzy	B	804	 	E	H	0.103	11	8	-1.091	-0.672	H	1.357	-1.453	1.477	0.113	-0.837	B	812	 	H	S	0.663	4	24	-2.03	-0.583	H	0.336	-0.417	-1.673	-1.474	-0.078	HBOND
7mzy	A	824	 	A	-	0.0	31	38	-1.355	2.772	H	-0.591	-1.302	-0.733	1.57	-0.146	A	935	 	G	-	0.0	40	36	-1.193	2.849	H	-0.384	1.652	1.33	1.045	2.064	VDW
7mzy	B	693	 	P	T	0.081	18	30	-1.363	-0.228	H	0.189	2.081	-1.628	0.421	-1.392	B	921	 	F	T	0.02	19	39	-0.877	2.429	H	-1.006	-0.59	1.891	-0.397	0.412	VDW
7mzy	B	910	 	M	H	0.394	11	14	-1.141	-0.785	H	-0.663	-1.524	2.219	-1.005	1.212	B	914	 	G	-	0.607	5	21	1.06	0.636	L	-0.384	1.652	1.33	1.045	2.064	HBOND
7mzy	B	910	 	M	H	0.394	11	14	-1.141	-0.785	H	-0.663	-1.524	2.219	-1.005	1.212	B	914	 	G	-	0.607	5	21	1.06	0.636	L	-0.384	1.652	1.33	1.045	2.064	VDW
7mzy	A	783	 	C	-	0.23	15	17	-2.098	2.658	H	-1.343	0.465	-0.862	-1.02	-0.255	A	794	 	C	H	0.207	16	14	-1.032	-0.66	H	-1.343	0.465	-0.862	-1.02	-0.255	SSBOND
7mzy	A	783	 	C	-	0.23	15	17	-2.098	2.658	H	-1.343	0.465	-0.862	-1.02	-0.255	A	794	 	C	H	0.207	16	14	-1.032	-0.66	H	-1.343	0.465	-0.862	-1.02	-0.255	VDW
7mzy	B	787	 	N	S	0.414	10	6	-1.238	2.223	H	0.945	0.828	1.299	-0.169	0.933	B	791	 	Q	H	0.247	5	17	-1.114	-0.59	H	0.931	-0.179	-3.005	-0.503	-1.853	HBOND
7mzy	B	878	 	G	-	0.0	32	28	-1.491	2.512	H	-0.384	1.652	1.33	1.045	2.064	B	932	 	G	-	0.0	41	35	-1.329	2.72	H	-0.384	1.652	1.33	1.045	2.064	VDW
7mzy	B	754	 	S	-	0.208	31	16	-1.357	2.072	H	-0.228	1.399	-4.76	0.67	-2.647	B	845	 	G	-	0.012	23	44	-1.228	2.67	H	-0.384	1.652	1.33	1.045	2.064	
7mzy	A	859	 	E	-	0.057	26	14	-1.43	2.5	H	1.357	-1.453	1.477	0.113	-0.837	A	954	 	D	-	0.172	24	37	-1.139	2.735	H	1.05	0.302	-3.656	-0.259	-3.242	HBOND
7mzy	A	859	 	E	-	0.057	26	14	-1.43	2.5	H	1.357	-1.453	1.477	0.113	-0.837	A	954	 	D	-	0.172	24	37	-1.139	2.735	H	1.05	0.302	-3.656	-0.259	-3.242	VDW
7mzy	B	757	 	V	E	0.021	26	28	-1.678	2.455	H	-1.337	-0.279	-0.544	1.242	-1.262	B	841	 	A	E	0.0	31	33	-1.963	2.012	H	-0.591	-1.302	-0.733	1.57	-0.146	VDW
7mzy	A	802	 	E	H	0.211	7	20	-1.049	-0.649	H	1.357	-1.453	1.477	0.113	-0.837	A	849	 	Y	T	0.023	21	26	-0.817	-0.814	H	0.26	0.83	3.097	-0.838	1.512	HBOND
7mzy	A	802	 	E	H	0.211	7	20	-1.049	-0.649	H	1.357	-1.453	1.477	0.113	-0.837	A	849	 	Y	T	0.023	21	26	-0.817	-0.814	H	0.26	0.83	3.097	-0.838	1.512	VDW
7mzy	A	766	 	E	-	0.66	2	15	-1.861	2.494	H	1.357	-1.453	1.477	0.113	-0.837	A	769	 	D	-	0.325	14	6	-1.041	2.594	H	1.05	0.302	-3.656	-0.259	-3.242	HBOND
7mzy	A	766	 	E	-	0.66	2	15	-1.861	2.494	H	1.357	-1.453	1.477	0.113	-0.837	A	769	 	D	-	0.325	14	6	-1.041	2.594	H	1.05	0.302	-3.656	-0.259	-3.242	VDW
7mzy	B	973	 	M	E	0.154	27	12	-1.713	2.125	H	-0.663	-1.524	2.219	-1.005	1.212	B	976	 	H	S	0.348	17	33	-1.215	2.876	H	0.336	-0.417	-1.673	-1.474	-0.078	
7mzy	B	740	 	G	-	0.0	38	24	-1.385	2.935	H	-0.384	1.652	1.33	1.045	2.064	B	973	 	M	E	0.154	27	12	-1.713	2.125	H	-0.663	-1.524	2.219	-1.005	1.212	VDW
7mzy	A	728	 	V	-	0.0	17	10	-1.137	2.187	H	-1.337	-0.279	-0.544	1.242	-1.262	A	769	 	D	-	0.325	14	6	-1.041	2.594	H	1.05	0.302	-3.656	-0.259	-3.242	HBOND
7mzy	A	728	 	V	-	0.0	17	10	-1.137	2.187	H	-1.337	-0.279	-0.544	1.242	-1.262	A	769	 	D	-	0.325	14	6	-1.041	2.594	H	1.05	0.302	-3.656	-0.259	-3.242	VDW
7mzy	B	937	 	Y	S	0.023	22	33	-1.182	-0.8	H	0.26	0.83	3.097	-0.838	1.512	B	956	 	V	B	0.035	18	35	-1.689	2.297	H	-1.337	-0.279	-0.544	1.242	-1.262	
7mzy	B	740	 	G	-	0.0	38	24	-1.385	2.935	H	-0.384	1.652	1.33	1.045	2.064	B	842	 	A	-	0.0	31	37	-1.193	2.621	H	-0.591	-1.302	-0.733	1.57	-0.146	
7mzy	B	931	 	G	-	0.0	30	37	-1.549	2.632	H	-0.384	1.652	1.33	1.045	2.064	B	952	 	G	-	0.083	48	13	-1.376	2.658	H	-0.384	1.652	1.33	1.045	2.064	VDW
7mzy	A	735	 	S	E	0.115	14	18	-1.753	2.346	H	-0.228	1.399	-4.76	0.67	-2.647	A	981	 	I	E	0.0	16	19	-2.071	2.449	H	-1.239	-0.547	2.131	0.393	0.816	
7mzy	A	895	 	S	-	0.0	15	31	-1.313	2.852	H	-0.228	1.399	-4.76	0.67	-2.647	A	898	 	E	G	0.268	19	11	-1.732	-0.01	H	1.357	-1.453	1.477	0.113	-0.837	HBOND
7mzy	A	895	 	S	-	0.0	15	31	-1.313	2.852	H	-0.228	1.399	-4.76	0.67	-2.647	A	898	 	E	G	0.268	19	11	-1.732	-0.01	H	1.357	-1.453	1.477	0.113	-0.837	VDW
7mzy	A	719	 	P	G	0.507	7	18	-1.264	-0.157	H	0.189	2.081	-1.628	0.421	-1.392	A	899	 	G	T	0.083	12	26	1.863	-0.06	L	-0.384	1.652	1.33	1.045	2.064	
7mzy	B	821	 	G	-	0.0	43	36	-1.266	2.561	H	-0.384	1.652	1.33	1.045	2.064	B	925	 	G	-	0.0	40	36	-1.35	2.598	H	-0.384	1.652	1.33	1.045	2.064	HBOND
7mzy	B	821	 	G	-	0.0	43	36	-1.266	2.561	H	-0.384	1.652	1.33	1.045	2.064	B	925	 	G	-	0.0	40	36	-1.35	2.598	H	-0.384	1.652	1.33	1.045	2.064	VDW
7mzy	B	891	 	W	T	0.225	24	21	-1.609	-0.078	H	-0.595	0.009	0.672	-2.128	-0.184	B	907	 	P	H	0.456	4	29	-0.995	-0.639	H	0.189	2.081	-1.628	0.421	-1.392	
7mzy	A	772	 	Y	E	0.14	17	20	-2.072	2.104	H	0.26	0.83	3.097	-0.838	1.512	A	827	 	V	E	0.007	24	26	-2.167	2.155	H	-1.337	-0.279	-0.544	1.242	-1.262	
7mzy	A	705	 	Y	T	0.086	17	6	-1.77	0.1	H	0.26	0.83	3.097	-0.838	1.512	A	710	 	L	-	0.085	18	11	-1.844	2.127	H	-1.019	-0.987	-1.505	1.266	-0.912	VDW
7mzy	A	882	 	G	-	0.0	15	38	-1.68	-2.757	H	-0.384	1.652	1.33	1.045	2.064	A	937	 	Y	S	0.032	22	33	-1.115	-0.806	H	0.26	0.83	3.097	-0.838	1.512	
7mzy	B	804	 	E	H	0.103	11	8	-1.091	-0.672	H	1.357	-1.453	1.477	0.113	-0.837	B	813	 	E	S	0.438	9	17	-1.64	-0.986	H	1.357	-1.453	1.477	0.113	-0.837	HBOND
7mzy	B	804	 	E	H	0.103	11	8	-1.091	-0.672	H	1.357	-1.453	1.477	0.113	-0.837	B	813	 	E	S	0.438	9	17	-1.64	-0.986	H	1.357	-1.453	1.477	0.113	-0.837	VDW
7mzy	A	826	 	Y	E	0.0	28	34	-2.137	2.317	H	0.26	0.83	3.097	-0.838	1.512	A	936	 	G	S	0.0	33	37	3.136	-2.908	L	-0.384	1.652	1.33	1.045	2.064	
7mzy	B	864	 	N	-	0.478	2	16	-2.047	1.94	H	0.945	0.828	1.299	-0.169	0.933	B	867	 	V	S	0.401	9	7	-1.5	1.988	H	-1.337	-0.279	-0.544	1.242	-1.262	HBOND
7mzy	B	864	 	N	-	0.478	2	16	-2.047	1.94	H	0.945	0.828	1.299	-0.169	0.933	B	867	 	V	S	0.401	9	7	-1.5	1.988	H	-1.337	-0.279	-0.544	1.242	-1.262	VDW
7mzy	A	878	 	G	-	0.0	33	27	-1.586	2.455	H	-0.384	1.652	1.33	1.045	2.064	A	933	 	G	-	0.0	29	43	-1.298	2.66	H	-0.384	1.652	1.33	1.045	2.064	HBOND
7mzy	B	846	 	G	-	0.0	40	26	-1.337	2.606	H	-0.384	1.652	1.33	1.045	2.064	B	932	 	G	-	0.0	41	35	-1.329	2.72	H	-0.384	1.652	1.33	1.045	2.064	HBOND
7mzy	B	846	 	G	-	0.0	40	26	-1.337	2.606	H	-0.384	1.652	1.33	1.045	2.064	B	932	 	G	-	0.0	41	35	-1.329	2.72	H	-0.384	1.652	1.33	1.045	2.064	VDW
7mzy	A	702	 	N	H	0.535	5	19	-1.001	-0.74	H	0.945	0.828	1.299	-0.169	0.933	A	706	 	Q	T	0.561	6	9	-0.975	2.341	H	0.931	-0.179	-3.005	-0.503	-1.853	HBOND
7mzy	A	699	 	A	H	0.66	0	22	-1.055	-0.785	H	-0.591	-1.302	-0.733	1.57	-0.146	A	703	 	N	H	0.682	9	11	-1.179	-0.782	H	0.945	0.828	1.299	-0.169	0.933	HBOND
7mzy	A	756	 	G	-	0.0	32	24	-1.222	2.924	H	-0.384	1.652	1.33	1.045	2.064	A	971	 	K	E	0.107	20	21	-1.113	2.456	H	1.831	-0.561	0.533	-0.277	1.648	
7mzy	A	679	 	P	-	0.441	3	6	-1.378	0.064	H	0.189	2.081	-1.628	0.421	-1.392	A	984	 	Y	E	0.527	3	14	-2.119	2.313	H	0.26	0.83	3.097	-0.838	1.512	
7mzy	B	909	 	A	H	0.0	24	10	-1.12	-0.693	H	-0.591	-1.302	-0.733	1.57	-0.146	B	915	 	W	-	0.031	27	15	-1.564	1.432	H	-0.595	0.009	0.672	-2.128	-0.184	HBOND
7mzy	B	909	 	A	H	0.0	24	10	-1.12	-0.693	H	-0.591	-1.302	-0.733	1.57	-0.146	B	915	 	W	-	0.031	27	15	-1.564	1.432	H	-0.595	0.009	0.672	-2.128	-0.184	VDW
7mzy	A	789	 	L	H	0.451	7	16	-1.174	-0.798	H	-1.019	-0.987	-1.505	1.266	-0.912	A	798	 	N	-	0.223	12	7	-2.049	1.975	H	0.945	0.828	1.299	-0.169	0.933	VDW
7mzy	A	842	 	A	-	0.009	28	37	-1.193	2.671	H	-0.591	-1.302	-0.733	1.57	-0.146	A	955	 	G	-	0.024	42	20	-1.248	3.015	H	-0.384	1.652	1.33	1.045	2.064	VDW
7mzy	B	763	 	F	E	0.03	20	14	-2.471	2.527	H	-1.006	-0.59	1.891	-0.397	0.412	B	839	 	I	E	0.0	29	23	-2.421	2.29	H	-1.239	-0.547	2.131	0.393	0.816	VDW
7mzy	B	938	 	I	B	0.225	12	35	-1.935	2.241	H	-1.239	-0.547	2.131	0.393	0.816	B	956	 	V	B	0.035	18	35	-1.689	2.297	H	-1.337	-0.279	-0.544	1.242	-1.262	HBOND
7mzy	B	938	 	I	B	0.225	12	35	-1.935	2.241	H	-1.239	-0.547	2.131	0.393	0.816	B	956	 	V	B	0.035	18	35	-1.689	2.297	H	-1.337	-0.279	-0.544	1.242	-1.262	VDW
7mzy	A	779	 	G	-	0.0	43	21	-1.097	2.572	H	-0.384	1.652	1.33	1.045	2.064	A	820	 	G	-	0.0	32	39	-1.328	2.706	H	-0.384	1.652	1.33	1.045	2.064	
7mzy	A	760	 	L	E	0.146	10	29	-2.206	2.394	H	-1.019	-0.987	-1.505	1.266	-0.912	A	966	 	Y	-	0.685	12	19	-2.009	-0.315	H	0.26	0.83	3.097	-0.838	1.512	
7mzy	A	846	 	G	-	0.0	41	27	-1.283	2.595	H	-0.384	1.652	1.33	1.045	2.064	A	951	 	D	-	0.233	23	33	-1.21	2.729	H	1.05	0.302	-3.656	-0.259	-3.242	
7mzy	B	896	 	L	G	0.024	25	25	-1.02	-0.839	H	-1.019	-0.987	-1.505	1.266	-0.912	B	899	 	G	T	0.083	13	23	1.808	-0.085	L	-0.384	1.652	1.33	1.045	2.064	HBOND
7mzy	B	741	 	A	-	0.0	35	25	-1.556	2.664	H	-0.591	-1.302	-0.733	1.57	-0.146	B	843	 	G	-	0.0	44	29	-1.516	2.788	H	-0.384	1.652	1.33	1.045	2.064	
7mzy	A	800	 	V	H	0.211	11	11	-1.086	-0.631	H	-1.337	-0.279	-0.544	1.242	-1.262	A	814	 	W	S	0.269	14	22	-1.583	0.977	H	-0.595	0.009	0.672	-2.128	-0.184	
7mzy	A	881	 	G	-	0.0	36	31	-1.33	2.542	H	-0.384	1.652	1.33	1.045	2.064	A	935	 	G	-	0.0	40	36	-1.193	2.849	H	-0.384	1.652	1.33	1.045	2.064	
7mzy	B	825	 	T	E	0.0	27	38	-1.854	2.292	H	-0.032	0.326	2.213	0.908	1.313	B	840	 	I	E	0.0	28	29	-2.267	2.097	H	-1.239	-0.547	2.131	0.393	0.816	
7mzy	B	685	 	F	E	0.0	27	15	-1.671	2.338	H	-1.006	-0.59	1.891	-0.397	0.412	B	979	 	V	E	0.0	24	18	-2.279	2.35	H	-1.337	-0.279	-0.544	1.242	-1.262	HBOND
7mzy	B	685	 	F	E	0.0	27	15	-1.671	2.338	H	-1.006	-0.59	1.891	-0.397	0.412	B	979	 	V	E	0.0	24	18	-2.279	2.35	H	-1.337	-0.279	-0.544	1.242	-1.262	VDW
7mzy	B	811	 	V	-	0.021	22	9	-1.836	1.924	H	-1.337	-0.279	-0.544	1.242	-1.262	B	946	 	N	-	0.14	19	20	-1.552	0.979	H	0.945	0.828	1.299	-0.169	0.933	HBOND
7mzy	A	683	 	W	E	0.053	16	12	-2.176	2.329	H	-0.595	0.009	0.672	-2.128	-0.184	A	981	 	I	E	0.0	16	19	-2.071	2.449	H	-1.239	-0.547	2.131	0.393	0.816	HBOND
7mzy	A	730	 	A	S	0.311	8	11	-2.668	2.501	H	-0.591	-1.302	-0.733	1.57	-0.146	A	734	 	Y	E	0.005	18	13	-2.066	2.585	H	0.26	0.83	3.097	-0.838	1.512	HBOND
7mzy	B	928	 	C	S	0.037	28	38	-2.142	-2.138	H	-1.343	0.465	-0.862	-1.02	-0.255	B	946	 	N	-	0.14	19	20	-1.552	0.979	H	0.945	0.828	1.299	-0.169	0.933	
7mzy	A	719	 	P	G	0.507	7	18	-1.264	-0.157	H	0.189	2.081	-1.628	0.421	-1.392	A	897	 	Q	G	0.283	14	22	-1.285	-0.082	H	0.931	-0.179	-3.005	-0.503	-1.853	
7mzy	B	843	 	G	-	0.0	44	29	-1.516	2.788	H	-0.384	1.652	1.33	1.045	2.064	B	955	 	G	-	0.048	42	20	-1.283	3.008	H	-0.384	1.652	1.33	1.045	2.064	HBOND
7mzy	B	843	 	G	-	0.0	44	29	-1.516	2.788	H	-0.384	1.652	1.33	1.045	2.064	B	955	 	G	-	0.048	42	20	-1.283	3.008	H	-0.384	1.652	1.33	1.045	2.064	VDW
7mzy	A	876	 	A	S	0.189	22	22	-1.375	-0.87	H	-0.591	-1.302	-0.733	1.57	-0.146	A	906	 	C	-	0.044	26	20	-1.188	2.645	H	-1.343	0.465	-0.862	-1.02	-0.255	
7mzy	A	815	 	A	-	0.009	23	21	-1.252	2.59	H	-0.591	-1.302	-0.733	1.57	-0.146	A	913	 	W	H	0.075	14	10	-2.763	0.275	H	-0.595	0.009	0.672	-2.128	-0.184	HBOND
7mzy	B	811	 	V	-	0.021	22	9	-1.836	1.924	H	-1.337	-0.279	-0.544	1.242	-1.262	B	814	 	W	S	0.273	15	20	-1.586	0.953	H	-0.595	0.009	0.672	-2.128	-0.184	
7mzy	A	804	 	E	H	0.113	12	8	-1.115	-0.704	H	1.357	-1.453	1.477	0.113	-0.837	A	812	 	H	S	0.652	3	25	-2.018	-0.601	H	0.336	-0.417	-1.673	-1.474	-0.078	HBOND
7mzy	A	804	 	E	H	0.113	12	8	-1.115	-0.704	H	1.357	-1.453	1.477	0.113	-0.837	A	814	 	W	S	0.269	14	22	-1.583	0.977	H	-0.595	0.009	0.672	-2.128	-0.184	HBOND
7mzy	A	829	 	K	E	0.249	14	17	-2.241	2.998	H	1.831	-0.561	0.533	-0.277	1.648	A	836	 	V	E	0.239	12	19	-2.194	2.085	H	-1.337	-0.279	-0.544	1.242	-1.262	HBOND
7mzy	A	829	 	K	E	0.249	14	17	-2.241	2.998	H	1.831	-0.561	0.533	-0.277	1.648	A	836	 	V	E	0.239	12	19	-2.194	2.085	H	-1.337	-0.279	-0.544	1.242	-1.262	VDW
7mzy	A	774	 	L	E	0.0	37	24	-1.995	2.033	H	-1.019	-0.987	-1.505	1.266	-0.912	A	896	 	L	G	0.018	26	24	-1.024	-0.798	H	-1.019	-0.987	-1.505	1.266	-0.912	
7mzy	B	778	 	Q	-	0.217	16	43	-1.077	2.482	H	0.931	-0.179	-3.005	-0.503	-1.853	B	975	 	G	S	0.274	7	33	-2.222	-2.228	H	-0.384	1.652	1.33	1.045	2.064	VDW
7mzy	A	903	 	G	-	0.012	40	15	-1.268	2.674	H	-0.384	1.652	1.33	1.045	2.064	A	924	 	G	-	0.0	38	38	-1.167	2.433	H	-0.384	1.652	1.33	1.045	2.064	HBOND
7mzy	B	739	 	Y	E	0.059	23	33	-2.296	2.153	H	0.26	0.83	3.097	-0.838	1.512	B	978	 	E	E	0.309	13	33	-2.87	2.858	H	1.357	-1.453	1.477	0.113	-0.837	HBOND
7mzy	B	779	 	G	-	0.0	44	20	-1.137	2.593	H	-0.384	1.652	1.33	1.045	2.064	B	821	 	G	-	0.0	43	36	-1.266	2.561	H	-0.384	1.652	1.33	1.045	2.064	
7mzy	B	877	 	A	S	0.0	41	20	-1.393	2.761	H	-0.591	-1.302	-0.733	1.57	-0.146	B	926	 	G	-	0.0	23	45	-1.213	2.668	H	-0.384	1.652	1.33	1.045	2.064	
7mzy	A	968	 	P	-	0.029	19	22	-1.176	-3.118	H	0.189	2.081	-1.628	0.421	-1.392	B	739	 	Y	E	0.059	23	33	-2.296	2.153	H	0.26	0.83	3.097	-0.838	1.512	
7mzy	B	780	 	E	-	0.289	24	28	-1.256	2.5	H	1.357	-1.453	1.477	0.113	-0.837	B	820	 	G	-	0.0	32	39	-1.27	2.724	H	-0.384	1.652	1.33	1.045	2.064	HBOND
7mzy	B	799	 	N	-	0.529	4	16	-1.773	0.441	H	0.945	0.828	1.299	-0.169	0.933	B	802	 	E	H	0.32	8	19	-1.039	-0.669	H	1.357	-1.453	1.477	0.113	-0.837	VDW
7mzy	A	715	 	G	B	0.214	14	10	-1.121	2.607	H	-0.384	1.652	1.33	1.045	2.064	A	723	 	I	-	0.0	22	22	-1.627	2.327	H	-1.239	-0.547	2.131	0.393	0.816	HBOND
7mzy	B	882	 	G	-	0.0	16	37	-1.705	-2.794	H	-0.384	1.652	1.33	1.045	2.064	B	896	 	L	G	0.024	25	25	-1.02	-0.839	H	-1.019	-0.987	-1.505	1.266	-0.912	HBOND
7mzy	A	774	 	L	E	0.0	37	24	-1.995	2.033	H	-1.019	-0.987	-1.505	1.266	-0.912	A	826	 	Y	E	0.0	28	34	-2.137	2.317	H	0.26	0.83	3.097	-0.838	1.512	HBOND
7mzy	A	909	 	A	H	0.0	23	11	-1.026	-0.656	H	-0.591	-1.302	-0.733	1.57	-0.146	A	914	 	G	-	0.452	6	21	1.058	0.653	L	-0.384	1.652	1.33	1.045	2.064	
7mzy	A	777	 	Q	-	0.0	20	35	-1.984	2.627	H	0.931	-0.179	-3.005	-0.503	-1.853	A	823	 	G	-	0.0	31	47	-1.268	2.593	H	-0.384	1.652	1.33	1.045	2.064	HBOND
7mzy	A	777	 	Q	-	0.0	20	35	-1.984	2.627	H	0.931	-0.179	-3.005	-0.503	-1.853	A	823	 	G	-	0.0	31	47	-1.268	2.593	H	-0.384	1.652	1.33	1.045	2.064	VDW
7mzy	A	744	 	G	-	0.0	32	25	-1.441	2.815	H	-0.384	1.652	1.33	1.045	2.064	A	779	 	G	-	0.0	43	21	-1.097	2.572	H	-0.384	1.652	1.33	1.045	2.064	VDW
7mzy	A	705	 	Y	T	0.086	17	6	-1.77	0.1	H	0.26	0.83	3.097	-0.838	1.512	A	724	 	Q	E	0.005	25	18	-1.637	2.159	H	0.931	-0.179	-3.005	-0.503	-1.853	
7mzy	B	743	 	G	-	0.0	35	30	-1.379	3.002	H	-0.384	1.652	1.33	1.045	2.064	B	844	 	G	-	0.0	28	42	-1.441	2.523	H	-0.384	1.652	1.33	1.045	2.064	VDW
7mzy	A	825	 	T	E	0.0	25	38	-1.796	2.27	H	-0.032	0.326	2.213	0.908	1.313	A	841	 	A	E	0.0	31	33	-1.944	2.031	H	-0.591	-1.302	-0.733	1.57	-0.146	HBOND
7mzy	B	804	 	E	H	0.103	11	8	-1.091	-0.672	H	1.357	-1.453	1.477	0.113	-0.837	B	810	 	S	S	0.285	4	19	-2.931	2.801	H	-0.228	1.399	-4.76	0.67	-2.647	
7mzy	B	698	 	Q	H	0.303	8	20	-0.95	-0.721	H	0.931	-0.179	-3.005	-0.503	-1.853	B	701	 	C	H	0.0	19	12	-1.215	-0.607	H	-1.343	0.465	-0.862	-1.02	-0.255	HBOND
7mzy	B	693	 	P	T	0.081	18	30	-1.363	-0.228	H	0.189	2.081	-1.628	0.421	-1.392	B	919	 	G	-	0.0	41	26	-1.245	2.773	H	-0.384	1.652	1.33	1.045	2.064	VDW
7mzy	B	763	 	F	E	0.03	20	14	-2.471	2.527	H	-1.006	-0.59	1.891	-0.397	0.412	B	838	 	L	E	0.024	21	22	-1.887	-0.938	H	-1.019	-0.987	-1.505	1.266	-0.912	
7mzy	A	686	 	T	-	0.31	13	26	-2.195	-3.012	H	-0.032	0.326	2.213	0.908	1.313	A	775	 	V	-	0.021	21	39	-1.619	2.084	H	-1.337	-0.279	-0.544	1.242	-1.262	VDW
7mzy	A	703	 	N	H	0.682	9	11	-1.179	-0.782	H	0.945	0.828	1.299	-0.169	0.933	A	706	 	Q	T	0.561	6	9	-0.975	2.341	H	0.931	-0.179	-3.005	-0.503	-1.853	HBOND
7mzy	A	703	 	N	H	0.682	9	11	-1.179	-0.782	H	0.945	0.828	1.299	-0.169	0.933	A	706	 	Q	T	0.561	6	9	-0.975	2.341	H	0.931	-0.179	-3.005	-0.503	-1.853	VDW
7mzy	B	920	 	G	-	0.0	36	30	-1.405	2.619	H	-0.384	1.652	1.33	1.045	2.064	B	924	 	G	-	0.0	39	37	-1.12	2.383	H	-0.384	1.652	1.33	1.045	2.064	HBOND
7mzy	B	920	 	G	-	0.0	36	30	-1.405	2.619	H	-0.384	1.652	1.33	1.045	2.064	B	924	 	G	-	0.0	39	37	-1.12	2.383	H	-0.384	1.652	1.33	1.045	2.064	VDW
7mzy	A	804	 	E	H	0.113	12	8	-1.115	-0.704	H	1.357	-1.453	1.477	0.113	-0.837	A	813	 	E	S	0.454	8	17	-1.6	-1.05	H	1.357	-1.453	1.477	0.113	-0.837	HBOND
7mzy	A	804	 	E	H	0.113	12	8	-1.115	-0.704	H	1.357	-1.453	1.477	0.113	-0.837	A	813	 	E	S	0.454	8	17	-1.6	-1.05	H	1.357	-1.453	1.477	0.113	-0.837	VDW
7mzy	A	930	 	S	S	0.0	24	29	-1.24	2.883	H	-0.228	1.399	-4.76	0.67	-2.647	A	950	 	M	-	0.415	21	19	-1.713	1.873	H	-0.663	-1.524	2.219	-1.005	1.212	
7mzy	B	686	 	T	-	0.31	12	27	-2.177	-3.032	H	-0.032	0.326	2.213	0.908	1.313	B	705	 	Y	T	0.081	17	6	-1.696	0.074	H	0.26	0.83	3.097	-0.838	1.512	
7mzy	A	685	 	F	E	0.0	26	15	-1.637	2.361	H	-1.006	-0.59	1.891	-0.397	0.412	A	978	 	E	E	0.206	12	33	-2.925	2.843	H	1.357	-1.453	1.477	0.113	-0.837	VDW
7mzy	B	932	 	G	-	0.0	41	35	-1.329	2.72	H	-0.384	1.652	1.33	1.045	2.064	B	952	 	G	-	0.083	48	13	-1.376	2.658	H	-0.384	1.652	1.33	1.045	2.064	VDW
7mzy	A	740	 	G	-	0.0	37	25	-1.322	3.032	H	-0.384	1.652	1.33	1.045	2.064	A	757	 	V	E	0.007	26	29	-2.026	2.847	H	-1.337	-0.279	-0.544	1.242	-1.262	HBOND
7mzy	A	740	 	G	-	0.0	37	25	-1.322	3.032	H	-0.384	1.652	1.33	1.045	2.064	A	757	 	V	E	0.007	26	29	-2.026	2.847	H	-1.337	-0.279	-0.544	1.242	-1.262	VDW
7mzy	A	735	 	S	E	0.115	14	18	-1.753	2.346	H	-0.228	1.399	-4.76	0.67	-2.647	A	982	 	K	E	0.371	10	20	-2.527	2.625	H	1.831	-0.561	0.533	-0.277	1.648	HBOND
7mzy	A	735	 	S	E	0.115	14	18	-1.753	2.346	H	-0.228	1.399	-4.76	0.67	-2.647	A	982	 	K	E	0.371	10	20	-2.527	2.625	H	1.831	-0.561	0.533	-0.277	1.648	VDW
7mzy	A	906	 	C	-	0.044	26	20	-1.188	2.645	H	-1.343	0.465	-0.862	-1.02	-0.255	A	928	 	C	S	0.03	28	39	-2.104	-2.132	H	-1.343	0.465	-0.862	-1.02	-0.255	SSBOND
7mzy	A	906	 	C	-	0.044	26	20	-1.188	2.645	H	-1.343	0.465	-0.862	-1.02	-0.255	A	928	 	C	S	0.03	28	39	-2.104	-2.132	H	-1.343	0.465	-0.862	-1.02	-0.255	VDW
7mzy	A	754	 	S	-	0.062	33	20	-1.483	2.073	H	-0.228	1.399	-4.76	0.67	-2.647	A	954	 	D	-	0.172	24	37	-1.139	2.735	H	1.05	0.302	-3.656	-0.259	-3.242	HBOND
7mzy	B	871	 	N	-	0.191	25	20	-1.212	2.761	H	0.945	0.828	1.299	-0.169	0.933	B	882	 	G	-	0.0	16	37	-1.705	-2.794	H	-0.384	1.652	1.33	1.045	2.064	HBOND
7mzy	B	871	 	N	-	0.191	25	20	-1.212	2.761	H	0.945	0.828	1.299	-0.169	0.933	B	882	 	G	-	0.0	16	37	-1.705	-2.794	H	-0.384	1.652	1.33	1.045	2.064	VDW
7mzy	A	905	 	S	-	0.054	27	25	-1.544	3.009	H	-0.228	1.399	-4.76	0.67	-2.647	A	927	 	G	-	0.0	33	36	-1.466	2.743	H	-0.384	1.652	1.33	1.045	2.064	VDW
7mzy	A	687	 	T	-	0.07	22	22	-1.375	0.095	H	-0.032	0.326	2.213	0.908	1.313	A	696	 	P	-	0.037	23	14	-1.291	2.847	H	0.189	2.081	-1.628	0.421	-1.392	
7mzy	B	746	 	G	-	0.024	25	22	-1.833	-2.459	H	-0.384	1.652	1.33	1.045	2.064	B	817	 	G	-	0.0	24	34	1.773	-0.201	L	-0.384	1.652	1.33	1.045	2.064	
7mzy	A	691	 	S	-	0.646	8	26	-2.542	2.947	H	-0.228	1.399	-4.76	0.67	-2.647	A	777	 	Q	-	0.0	20	35	-1.984	2.627	H	0.931	-0.179	-3.005	-0.503	-1.853	
7mzy	A	693	 	P	T	0.096	17	28	-1.325	-0.23	H	0.189	2.081	-1.628	0.421	-1.392	A	902	 	G	-	0.036	31	25	-1.096	2.631	H	-0.384	1.652	1.33	1.045	2.064	HBOND
7mzy	A	693	 	P	T	0.096	17	28	-1.325	-0.23	H	0.189	2.081	-1.628	0.421	-1.392	A	902	 	G	-	0.036	31	25	-1.096	2.631	H	-0.384	1.652	1.33	1.045	2.064	VDW
7mzy	A	859	 	E	-	0.057	26	14	-1.43	2.5	H	1.357	-1.453	1.477	0.113	-0.837	B	967	 	T	S	0.049	19	12	-2.827	2.776	H	-0.032	0.326	2.213	0.908	1.313	
7mzy	A	686	 	T	-	0.31	13	26	-2.195	-3.012	H	-0.032	0.326	2.213	0.908	1.313	A	705	 	Y	T	0.086	17	6	-1.77	0.1	H	0.26	0.83	3.097	-0.838	1.512	
7mzy	B	847	 	R	-	0.157	21	35	-1.367	2.448	H	1.538	-0.055	1.502	0.44	2.897	B	851	 	A	-	0.321	22	6	-0.863			-0.591	-1.302	-0.733	1.57	-0.146	
7mzy	B	823	 	G	-	0.0	32	46	-1.247	2.568	H	-0.384	1.652	1.33	1.045	2.064	B	921	 	F	T	0.02	19	39	-0.877	2.429	H	-1.006	-0.59	1.891	-0.397	0.412	VDW
7mzy	A	937	 	Y	S	0.032	22	33	-1.115	-0.806	H	0.26	0.83	3.097	-0.838	1.512	A	956	 	V	B	0.092	19	33	-1.738	2.292	H	-1.337	-0.279	-0.544	1.242	-1.262	
7mzy	B	935	 	G	-	0.0	38	37	-1.155	2.871	H	-0.384	1.652	1.33	1.045	2.064	B	955	 	G	-	0.048	42	20	-1.283	3.008	H	-0.384	1.652	1.33	1.045	2.064	
7mzy	B	711	 	S	-	0.754	3	23	-2.232	2.301	H	-0.228	1.399	-4.76	0.67	-2.647	B	726	 	W	E	0.044	18	11	-2.261	2.333	H	-0.595	0.009	0.672	-2.128	-0.184	
7mzy	A	790	 	I	H	0.006	18	14	-1.118	-0.728	H	-1.239	-0.547	2.131	0.393	0.816	A	915	 	W	-	0.026	27	15	-1.582	1.597	H	-0.595	0.009	0.672	-2.128	-0.184	VDW
7mzy	B	760	 	L	E	0.03	18	28	-2.121	2.155	H	-1.019	-0.987	-1.505	1.266	-0.912	B	966	 	Y	-	0.113	21	14	-1.373	-0.576	H	0.26	0.83	3.097	-0.838	1.512	
7mzy	A	757	 	V	E	0.007	26	29	-2.026	2.847	H	-1.337	-0.279	-0.544	1.242	-1.262	A	841	 	A	E	0.0	31	33	-1.944	2.031	H	-0.591	-1.302	-0.733	1.57	-0.146	VDW
7mzy	A	792	 	K	H	0.463	7	13	-1.138	-0.544	H	1.831	-0.561	0.533	-0.277	1.648	A	797	 	E	-	0.68	6	9	-1.721	-0.251	H	1.357	-1.453	1.477	0.113	-0.837	HBOND
7mzy	A	792	 	K	H	0.463	7	13	-1.138	-0.544	H	1.831	-0.561	0.533	-0.277	1.648	A	797	 	E	-	0.68	6	9	-1.721	-0.251	H	1.357	-1.453	1.477	0.113	-0.837	VDW
7mzy	B	816	 	G	-	0.024	22	31	2.267	3.048	L	-0.384	1.652	1.33	1.045	2.064	B	928	 	C	S	0.037	28	38	-2.142	-2.138	H	-1.343	0.465	-0.862	-1.02	-0.255	
7mzy	A	839	 	I	E	0.006	30	24	-2.403	2.4	H	-1.239	-0.547	2.131	0.393	0.816	A	958	 	F	E	0.005	27	26	-2.602	2.418	H	-1.006	-0.59	1.891	-0.397	0.412	
7mzy	A	726	 	W	E	0.04	20	10	-2.253	2.323	H	-0.595	0.009	0.672	-2.128	-0.184	A	770	 	M	E	0.41	9	17	-1.885	2.157	H	-0.663	-1.524	2.219	-1.005	1.212	
7mzy	A	754	 	S	-	0.062	33	20	-1.483	2.073	H	-0.228	1.399	-4.76	0.67	-2.647	B	986	 	N	-	0.121	15	21	-1.192			0.945	0.828	1.299	-0.169	0.933	
7mzy	B	881	 	G	-	0.0	34	33	-1.319	2.541	H	-0.384	1.652	1.33	1.045	2.064	B	893	 	G	-	0.0	42	23	-1.159	2.459	H	-0.384	1.652	1.33	1.045	2.064	
7mzy	A	739	 	Y	E	0.27	20	34	-2.109	2.141	H	0.26	0.83	3.097	-0.838	1.512	A	974	 	E	-	0.309	9	18	-1.212	2.649	H	1.357	-1.453	1.477	0.113	-0.837	VDW
7mzy	B	820	 	G	-	0.0	32	39	-1.27	2.724	H	-0.384	1.652	1.33	1.045	2.064	B	925	 	G	-	0.0	40	36	-1.35	2.598	H	-0.384	1.652	1.33	1.045	2.064	
7mzy	B	799	 	N	-	0.529	4	16	-1.773	0.441	H	0.945	0.828	1.299	-0.169	0.933	B	803	 	E	H	0.418	6	11	-1.161	-0.71	H	1.357	-1.453	1.477	0.113	-0.837	HBOND
7mzy	B	799	 	N	-	0.529	4	16	-1.773	0.441	H	0.945	0.828	1.299	-0.169	0.933	B	803	 	E	H	0.418	6	11	-1.161	-0.71	H	1.357	-1.453	1.477	0.113	-0.837	VDW
7mzy	A	896	 	L	G	0.018	26	24	-1.024	-0.798	H	-1.019	-0.987	-1.505	1.266	-0.912	A	899	 	G	T	0.083	12	26	1.863	-0.06	L	-0.384	1.652	1.33	1.045	2.064	HBOND
7mzy	B	844	 	G	-	0.0	28	42	-1.441	2.523	H	-0.384	1.652	1.33	1.045	2.064	B	954	 	D	-	0.135	20	37	-1.211	2.774	H	1.05	0.302	-3.656	-0.259	-3.242	
7mzy	B	792	 	K	H	0.537	6	13	-1.163	-0.606	H	1.831	-0.561	0.533	-0.277	1.648	B	798	 	N	-	0.236	11	7	-2.27	2.045	H	0.945	0.828	1.299	-0.169	0.933	HBOND
7mzy	B	718	 	G	G	0.595	4	11	1.344	-3.032	L	-0.384	1.652	1.33	1.045	2.064	B	721	 	K	B	0.58	12	17	-1.078	2.231	H	1.831	-0.561	0.533	-0.277	1.648	HBOND
7mzy	B	718	 	G	G	0.595	4	11	1.344	-3.032	L	-0.384	1.652	1.33	1.045	2.064	B	721	 	K	B	0.58	12	17	-1.078	2.231	H	1.831	-0.561	0.533	-0.277	1.648	VDW
7mzy	A	758	 	S	E	0.092	17	31	-2.072	2.622	H	-0.228	1.399	-4.76	0.67	-2.647	A	968	 	P	-	0.029	19	22	-1.176	-3.118	H	0.189	2.081	-1.628	0.421	-1.392	
7mzy	A	919	 	G	-	0.0	40	26	-1.277	2.789	H	-0.384	1.652	1.33	1.045	2.064	A	924	 	G	-	0.0	38	38	-1.167	2.433	H	-0.384	1.652	1.33	1.045	2.064	
7mzy	B	762	 	I	E	0.053	11	23	-2.085	2.261	H	-1.239	-0.547	2.131	0.393	0.816	B	964	 	I	E	0.402	13	17	-1.973	2.297	H	-1.239	-0.547	2.131	0.393	0.816	HBOND
7mzy	A	782	 	A	S	0.028	29	19	-1.141	-0.669	H	-0.591	-1.302	-0.733	1.57	-0.146	A	817	 	G	-	0.0	21	34	1.666	-0.055	L	-0.384	1.652	1.33	1.045	2.064	VDW
7mzy	A	762	 	I	E	0.237	7	21	-1.911	2.3	H	-1.239	-0.547	2.131	0.393	0.816	A	963	 	G	S	0.155	24	4	-1.982	2.901	H	-0.384	1.652	1.33	1.045	2.064	VDW
7mzy	A	880	 	G	-	0.0	35	35	-1.295	2.671	H	-0.384	1.652	1.33	1.045	2.064	A	940	 	G	-	0.036	33	24	-1.255	2.49	H	-0.384	1.652	1.33	1.045	2.064	HBOND
7mzy	A	799	 	N	-	0.573	3	17	-1.786	0.397	H	0.945	0.828	1.299	-0.169	0.933	A	803	 	E	H	0.459	6	11	-1.094	-0.78	H	1.357	-1.453	1.477	0.113	-0.837	HBOND
7mzy	A	799	 	N	-	0.573	3	17	-1.786	0.397	H	0.945	0.828	1.299	-0.169	0.933	A	803	 	E	H	0.459	6	11	-1.094	-0.78	H	1.357	-1.453	1.477	0.113	-0.837	VDW
7mzy	B	696	 	P	-	0.029	23	16	-1.273	2.813	H	0.189	2.081	-1.628	0.421	-1.392	B	722	 	G	T	0.012	22	21	1.483	-0.087	L	-0.384	1.652	1.33	1.045	2.064	
7mzy	A	928	 	C	S	0.03	28	39	-2.104	-2.132	H	-1.343	0.465	-0.862	-1.02	-0.255	A	946	 	N	-	0.083	20	21	-1.624	0.994	H	0.945	0.828	1.299	-0.169	0.933	
7mzy	B	726	 	W	E	0.044	18	11	-2.261	2.333	H	-0.595	0.009	0.672	-2.128	-0.184	B	771	 	L	E	0.012	19	16	-1.797	2.576	H	-1.019	-0.987	-1.505	1.266	-0.912	HBOND
7mzy	A	802	 	E	H	0.211	7	20	-1.049	-0.649	H	1.357	-1.453	1.477	0.113	-0.837	A	806	 	R	H	0.726	5	8	-1.039	-0.335	H	1.538	-0.055	1.502	0.44	2.897	HBOND
7mzy	A	802	 	E	H	0.211	7	20	-1.049	-0.649	H	1.357	-1.453	1.477	0.113	-0.837	A	806	 	R	H	0.726	5	8	-1.039	-0.335	H	1.538	-0.055	1.502	0.44	2.897	VDW
7mzy	A	878	 	G	-	0.0	33	27	-1.586	2.455	H	-0.384	1.652	1.33	1.045	2.064	A	932	 	G	-	0.0	42	36	-1.36	2.647	H	-0.384	1.652	1.33	1.045	2.064	
7mzy	A	743	 	G	-	0.0	36	30	-1.356	2.952	H	-0.384	1.652	1.33	1.045	2.064	A	754	 	S	-	0.062	33	20	-1.483	2.073	H	-0.228	1.399	-4.76	0.67	-2.647	HBOND
7mzy	B	960	 	S	-	0.069	14	17	-1.232	2.582	H	-0.228	1.399	-4.76	0.67	-2.647	B	963	 	G	S	0.167	22	5	-2.046	3.037	H	-0.384	1.652	1.33	1.045	2.064	HBOND
7mzy	A	821	 	G	-	0.0	43	36	-1.247	2.606	H	-0.384	1.652	1.33	1.045	2.064	A	919	 	G	-	0.0	40	26	-1.277	2.789	H	-0.384	1.652	1.33	1.045	2.064	VDW
7mzy	B	682	 	H	E	0.418	13	9	-2.756	2.853	H	0.336	-0.417	-1.673	-1.474	-0.078	B	981	 	I	E	0.0	19	19	-2.063	2.393	H	-1.239	-0.547	2.131	0.393	0.816	VDW
7mzy	A	862	 	E	E	0.129	20	14	-1.806	2.565	H	1.357	-1.453	1.477	0.113	-0.837	A	959	 	I	E	0.041	19	21	-2.162	2.276	H	-1.239	-0.547	2.131	0.393	0.816	HBOND
7mzy	B	733	 	T	E	0.225	8	17	-1.514	2.342	H	-0.032	0.326	2.213	0.908	1.313	B	764	 	N	E	0.79	2	22	-1.627	2.133	H	0.945	0.828	1.299	-0.169	0.933	
7mzy	A	817	 	G	-	0.0	21	34	1.666	-0.055	L	-0.384	1.652	1.33	1.045	2.064	A	849	 	Y	T	0.023	21	26	-0.817	-0.814	H	0.26	0.83	3.097	-0.838	1.512	VDW
7mzy	A	877	 	A	S	0.0	40	21	-1.402	2.87	H	-0.591	-1.302	-0.733	1.57	-0.146	A	930	 	S	S	0.0	24	29	-1.24	2.883	H	-0.228	1.399	-4.76	0.67	-2.647	VDW
7mzy	B	742	 	A	-	0.0	15	42	-1.235	2.743	H	-0.591	-1.302	-0.733	1.57	-0.146	B	975	 	G	S	0.274	7	33	-2.222	-2.228	H	-0.384	1.652	1.33	1.045	2.064	HBOND
7mzy	A	728	 	V	-	0.0	17	10	-1.137	2.187	H	-1.337	-0.279	-0.544	1.242	-1.262	A	768	 	D	T	0.546	0	15	1.32	0.003	L	1.05	0.302	-3.656	-0.259	-3.242	HBOND
7mzy	B	732	 	D	E	0.411	10	10	-2.938	2.98	H	1.05	0.302	-3.656	-0.259	-3.242	B	765	 	L	E	0.061	21	7	-2.092	2.635	H	-1.019	-0.987	-1.505	1.266	-0.912	HBOND
7mzy	B	778	 	Q	-	0.217	16	43	-1.077	2.482	H	0.931	-0.179	-3.005	-0.503	-1.853	B	974	 	E	S	0.552	7	26	-1.674	-0.067	H	1.357	-1.453	1.477	0.113	-0.837	VDW
7mzy	A	753	 	R	-	0.137	28	19	-1.2	2.81	H	1.538	-0.055	1.502	0.44	2.897	A	778	 	Q	-	0.222	15	43	-1.1	2.468	H	0.931	-0.179	-3.005	-0.503	-1.853	VDW
7mzy	A	743	 	G	-	0.0	36	30	-1.356	2.952	H	-0.384	1.652	1.33	1.045	2.064	A	844	 	G	-	0.0	30	41	-1.37	2.59	H	-0.384	1.652	1.33	1.045	2.064	
7mzy	B	829	 	K	E	0.263	13	18	-2.272	2.971	H	1.831	-0.561	0.533	-0.277	1.648	B	836	 	V	E	0.204	10	19	-2.228	2.045	H	-1.337	-0.279	-0.544	1.242	-1.262	HBOND
7mzy	B	829	 	K	E	0.263	13	18	-2.272	2.971	H	1.831	-0.561	0.533	-0.277	1.648	B	836	 	V	E	0.204	10	19	-2.228	2.045	H	-1.337	-0.279	-0.544	1.242	-1.262	VDW
