pdb_id	s_ch	s_resi	s_ins	s_resn	s_ss8	s_rsa	s_up	s_down	s_phi	s_psi	s_ss3	s_a1	s_a2	s_a3	s_a4	s_a5	t_ch	t_resi	t_ins	t_resn	t_ss8	t_rsa	t_up	t_down	t_phi	t_psi	t_ss3	t_a1	t_a2	t_a3	t_a4	t_a5	Interaction
7z9e	A	141	 	R	H	0.569	2	14	-0.946	-0.848	H	1.538	-0.055	1.502	0.44	2.897	A	144	 	M	H	0.245	12.0	16.0	-0.995	-0.804	H	-0.663	-1.524	2.219	-1.005	1.212	VDW
7z9e	A	169	 	G	-	0.536	6	20	1.268	0.157	L	-0.384	1.652	1.33	1.045	2.064	A	291	 	H	E	0.174	18.0	17.0	-2.215	2.472	H	0.336	-0.417	-1.673	-1.474	-0.078	
7z9e	A	188	 	A	E	0.019	14	18	-2.843	2.621	H	-0.591	-1.302	-0.733	1.57	-0.146	A	199	 	L	T	0.555	13.0	13.0	-1.005	2.209	H	-1.019	-0.987	-1.505	1.266	-0.912	VDW
7z9e	A	177	 	K	E	0.283	16	22	-1.801	2.286	H	1.831	-0.561	0.533	-0.277	1.648	A	184	 	G	E	0.012	18.0	13.0	-2.148	2.672	H	-0.384	1.652	1.33	1.045	2.064	
7z9e	A	277	 	V	E	0.0	18	22	-1.843	1.964	H	-1.337	-0.279	-0.544	1.242	-1.262	A	313	 	S	H	0.085	18.0	18.0	-0.936	-0.846	H	-0.228	1.399	-4.76	0.67	-2.647	
7z9e	A	239	 	N	E	0.038	17	13	-1.118	2.044	H	0.945	0.828	1.299	-0.169	0.933	A	242	 	T	T	0.57	12.0	4.0	-2.047	-0.269	H	-0.032	0.326	2.213	0.908	1.313	
7z9e	A	172	 	R	E	0.044	22	19	-2.45	2.353	H	1.538	-0.055	1.502	0.44	2.897	A	196	 	H	-	0.668	3.0	12.0	-1.267	2.446	H	0.336	-0.417	-1.673	-1.474	-0.078	HBOND
7z9e	A	307	 	Y	H	0.392	9	15	-1.043	-0.833	H	0.26	0.83	3.097	-0.838	1.512	A	311	 	L	H	0.213	15.0	14.0	-1.139	-0.801	H	-1.019	-0.987	-1.505	1.266	-0.912	HBOND
7z9e	A	84	 	A	H	0.434	9	10	-1.096	-0.742	H	-0.591	-1.302	-0.733	1.57	-0.146	A	87	 	A	H	0.774	4.0	12.0	-1.082	-0.693	H	-0.591	-1.302	-0.733	1.57	-0.146	
7z9e	A	35	 	I	E	0.0	23	21	-2.301	2.991	H	-1.239	-0.547	2.131	0.393	0.816	A	253	 	L	T	0.0	23.0	20.0	-1.462	-0.171	H	-1.019	-0.987	-1.505	1.266	-0.912	
7z9e	A	225	 	A	S	0.047	16	23	-1.235	-0.511	H	-0.591	-1.302	-0.733	1.57	-0.146	A	294	 	P	-	0.478	7.0	19.0	-0.795	2.558	H	0.189	2.081	-1.628	0.421	-1.392	
7z9e	A	172	 	R	E	0.044	22	19	-2.45	2.353	H	1.538	-0.055	1.502	0.44	2.897	A	289	 	C	E	0.0	27.0	19.0	-2.005	2.46	H	-1.343	0.465	-0.862	-1.02	-0.255	VDW
7z9e	A	74	 	L	H	0.0	21	10	-1.164	-0.438	H	-1.019	-0.987	-1.505	1.266	-0.912	A	78	 	L	-	0.11	19.0	8.0	-2.279	1.129	H	-1.019	-0.987	-1.505	1.266	-0.912	HBOND
7z9e	A	74	 	L	H	0.0	21	10	-1.164	-0.438	H	-1.019	-0.987	-1.505	1.266	-0.912	A	78	 	L	-	0.11	19.0	8.0	-2.279	1.129	H	-1.019	-0.987	-1.505	1.266	-0.912	VDW
7z9e	A	310	 	R	H	0.496	7	21	-1.109	-0.78	H	1.538	-0.055	1.502	0.44	2.897	A	314	 	L	H	0.628	8.0	17.0	-1.104	-0.778	H	-1.019	-0.987	-1.505	1.266	-0.912	HBOND
7z9e	A	311	 	L	H	0.213	15	14	-1.139	-0.801	H	-1.019	-0.987	-1.505	1.266	-0.912	A	314	 	L	H	0.628	8.0	17.0	-1.104	-0.778	H	-1.019	-0.987	-1.505	1.266	-0.912	
7z9e	A	309	 	G	H	0.012	18	18	-0.985	-0.81	H	-0.384	1.652	1.33	1.045	2.064	A	312	 	L	H	0.006	24.0	17.0	-1.048	-0.742	H	-1.019	-0.987	-1.505	1.266	-0.912	
7z9e	A	299	 	P	H	0.044	17	14	-0.882	-0.657	H	0.189	2.081	-1.628	0.421	-1.392	A	303	 	T	H	0.331	6.0	18.0	-1.023	-0.782	H	-0.032	0.326	2.213	0.908	1.313	
7z9e	A	178	 	F	E	0.102	20	12	-1.452	2.324	H	-1.006	-0.59	1.891	-0.397	0.412	A	284	 	W	E	0.084	15.0	20.0	-1.469	-0.653	H	-0.595	0.009	0.672	-2.128	-0.184	HBOND
7z9e	A	172	 	R	E	0.044	22	19	-2.45	2.353	H	1.538	-0.055	1.502	0.44	2.897	A	189	 	E	E	0.134	22.0	17.0	-2.733	2.569	H	1.357	-1.453	1.477	0.113	-0.837	HBOND
7z9e	A	172	 	R	E	0.044	22	19	-2.45	2.353	H	1.538	-0.055	1.502	0.44	2.897	A	189	 	E	E	0.134	22.0	17.0	-2.733	2.569	H	1.357	-1.453	1.477	0.113	-0.837	VDW
7z9e	A	226	 	D	-	0.344	10	24	-2.573	1.838	H	1.05	0.302	-3.656	-0.259	-3.242	A	229	 	A	-	0.198	16.0	8.0	-1.392	2.256	H	-0.591	-1.302	-0.733	1.57	-0.146	HBOND
7z9e	A	226	 	D	-	0.344	10	24	-2.573	1.838	H	1.05	0.302	-3.656	-0.259	-3.242	A	229	 	A	-	0.198	16.0	8.0	-1.392	2.256	H	-0.591	-1.302	-0.733	1.57	-0.146	VDW
7z9e	A	11	 	P	-	0.081	16	11	-1.144	2.961	H	0.189	2.081	-1.628	0.421	-1.392	A	16	 	G	-	0.131	15.0	2.0	-1.271	2.766	H	-0.384	1.652	1.33	1.045	2.064	HBOND
7z9e	A	171	 	D	S	0.049	15	19	-1.034	-0.658	H	1.05	0.302	-3.656	-0.259	-3.242	A	292	 	Q	S	0.657	5.0	22.0	-1.144	-0.745	H	0.931	-0.179	-3.005	-0.503	-1.853	HBOND
7z9e	A	211	 	Q	H	0.091	13	13	-1.252	-0.546	H	0.931	-0.179	-3.005	-0.503	-1.853	A	215	 	L	H	0.11	18.0	11.0	-1.02	-0.736	H	-1.019	-0.987	-1.505	1.266	-0.912	HBOND
7z9e	A	25	 	E	G	0.505	7	20	-1.27	-0.208	H	1.357	-1.453	1.477	0.113	-0.837	A	211	 	Q	H	0.091	13.0	13.0	-1.252	-0.546	H	0.931	-0.179	-3.005	-0.503	-1.853	
7z9e	A	213	 	R	H	0.254	15	19	-0.999	-0.723	H	1.538	-0.055	1.502	0.44	2.897	A	216	 	Y	H	0.167	20.0	11.0	-1.273	-0.185	H	0.26	0.83	3.097	-0.838	1.512	
7z9e	A	152	 	N	S	0.51	1	19	-2.732	2.983	H	0.945	0.828	1.299	-0.169	0.933	A	156	 	L	H	0.006	15.0	19.0	-1.042	-0.799	H	-1.019	-0.987	-1.505	1.266	-0.912	HBOND
7z9e	A	219	 	H	S	0.196	15	14	-2.118	1.872	H	0.336	-0.417	-1.673	-1.474	-0.078	A	250	 	G	T	0.226	16.0	19.0	-1.607	0.129	H	-0.384	1.652	1.33	1.045	2.064	PIHBOND
7z9e	A	265	 	R	H	0.387	9	15	-1.034	-0.723	H	1.538	-0.055	1.502	0.44	2.897	A	268	 	G	T	0.583	4.0	19.0	1.224	0.531	L	-0.384	1.652	1.33	1.045	2.064	HBOND
7z9e	A	143	 	A	H	0.16	18	11	-1.177	-0.827	H	-0.591	-1.302	-0.733	1.57	-0.146	A	146	 	A	H	0.34	14.0	12.0	-0.962	-0.872	H	-0.591	-1.302	-0.733	1.57	-0.146	VDW
7z9e	A	172	 	R	E	0.044	22	19	-2.45	2.353	H	1.538	-0.055	1.502	0.44	2.897	A	190	 	A	E	0.057	20.0	16.0	-1.934	2.146	H	-0.591	-1.302	-0.733	1.57	-0.146	
7z9e	A	257	 	S	-	0.131	20	21	-0.755	2.177	H	-0.228	1.399	-4.76	0.67	-2.647	A	260	 	A	H	0.406	16.0	15.0	-1.181	-0.721	H	-0.591	-1.302	-0.733	1.57	-0.146	HBOND
7z9e	A	257	 	S	-	0.131	20	21	-0.755	2.177	H	-0.228	1.399	-4.76	0.67	-2.647	A	260	 	A	H	0.406	16.0	15.0	-1.181	-0.721	H	-0.591	-1.302	-0.733	1.57	-0.146	VDW
7z9e	A	9	 	F	-	0.152	18	6	-1.089	2.727	H	-1.006	-0.59	1.891	-0.397	0.412	A	23	 	N	S	0.172	11.0	10.0	-2.526	0.631	H	0.945	0.828	1.299	-0.169	0.933	VDW
7z9e	A	209	 	P	-	0.191	14	16	-1.181	2.94	H	0.189	2.081	-1.628	0.421	-1.392	A	213	 	R	H	0.254	15.0	19.0	-0.999	-0.723	H	1.538	-0.055	1.502	0.44	2.897	HBOND
7z9e	A	299	 	P	H	0.044	17	14	-0.882	-0.657	H	0.189	2.081	-1.628	0.421	-1.392	A	302	 	R	H	0.073	13.0	14.0	-1.121	-0.79	H	1.538	-0.055	1.502	0.44	2.897	VDW
7z9e	A	13	 	Y	G	0.293	12	10	-1.557	0.01	H	0.26	0.83	3.097	-0.838	1.512	A	31	 	I	-	0.112	16.0	19.0	-2.291	0.958	H	-1.239	-0.547	2.131	0.393	0.816	
7z9e	A	179	 	A	-	0.302	10	9	-1.447	2.89	H	-0.591	-1.302	-0.733	1.57	-0.146	A	182	 	A	S	0.151	11.0	14.0	1.211	0.152	L	-0.591	-1.302	-0.733	1.57	-0.146	HBOND
7z9e	A	141	 	R	H	0.569	2	14	-0.946	-0.848	H	1.538	-0.055	1.502	0.44	2.897	A	145	 	F	H	0.64	5.0	16.0	-1.146	-0.685	H	-1.006	-0.59	1.891	-0.397	0.412	HBOND
7z9e	A	141	 	R	H	0.569	2	14	-0.946	-0.848	H	1.538	-0.055	1.502	0.44	2.897	A	145	 	F	H	0.64	5.0	16.0	-1.146	-0.685	H	-1.006	-0.59	1.891	-0.397	0.412	VDW
7z9e	A	153	 	L	H	0.244	12	16	-1.14	-0.692	H	-1.019	-0.987	-1.505	1.266	-0.912	A	320	 	E	H	0.407	8.0	9.0	-1.39	-0.561	H	1.357	-1.453	1.477	0.113	-0.837	VDW
7z9e	A	278	 	V	E	0.254	15	18	-2.023	2.128	H	-1.337	-0.279	-0.544	1.242	-1.262	A	282	 	Q	E	0.747	8.0	16.0	-1.99	2.542	H	0.931	-0.179	-3.005	-0.503	-1.853	
7z9e	A	157	 	A	H	0.009	16	24	-1.069	-0.796	H	-0.591	-1.302	-0.733	1.57	-0.146	A	161	 	T	H	0.028	22.0	21.0	-1.15	-0.755	H	-0.032	0.326	2.213	0.908	1.313	
7z9e	A	146	 	A	H	0.34	14	12	-0.962	-0.872	H	-0.591	-1.302	-0.733	1.57	-0.146	A	150	 	A	-	0.047	19.0	3.0	-1.094	2.244	H	-0.591	-1.302	-0.733	1.57	-0.146	HBOND
7z9e	A	307	 	Y	H	0.392	9	15	-1.043	-0.833	H	0.26	0.83	3.097	-0.838	1.512	A	310	 	R	H	0.496	7.0	21.0	-1.109	-0.78	H	1.538	-0.055	1.502	0.44	2.897	
7z9e	A	38	 	H	T	0.168	18	18	-1.426	-0.032	H	0.336	-0.417	-1.673	-1.474	-0.078	A	253	 	L	T	0.0	23.0	20.0	-1.462	-0.171	H	-1.019	-0.987	-1.505	1.266	-0.912	
7z9e	A	123	 	I	E	0.0	19	28	-2.013	1.989	H	-1.239	-0.547	2.131	0.393	0.816	A	247	 	P	-	0.368	12.0	23.0	-1.135	2.105	H	0.189	2.081	-1.628	0.421	-1.392	VDW
7z9e	A	257	 	S	-	0.131	20	21	-0.755	2.177	H	-0.228	1.399	-4.76	0.67	-2.647	A	261	 	M	H	0.122	14.0	15.0	-1.073	-0.693	H	-0.663	-1.524	2.219	-1.005	1.212	HBOND
7z9e	A	257	 	S	-	0.131	20	21	-0.755	2.177	H	-0.228	1.399	-4.76	0.67	-2.647	A	261	 	M	H	0.122	14.0	15.0	-1.073	-0.693	H	-0.663	-1.524	2.219	-1.005	1.212	VDW
7z9e	A	30	 	H	T	0.288	16	19	-1.345	-0.26	H	0.336	-0.417	-1.673	-1.474	-0.078	A	248	 	L	-	0.0	25.0	16.0	-2.041	0.158	H	-1.019	-0.987	-1.505	1.266	-0.912	HBOND
7z9e	A	224	 	T	E	0.056	23	19	-2.195	1.847	H	-0.032	0.326	2.213	0.908	1.313	A	272	 	S	E	0.162	18.0	23.0	-2.41	2.536	H	-0.228	1.399	-4.76	0.67	-2.647	HBOND
7z9e	A	309	 	G	H	0.012	18	18	-0.985	-0.81	H	-0.384	1.652	1.33	1.045	2.064	A	313	 	S	H	0.085	18.0	18.0	-0.936	-0.846	H	-0.228	1.399	-4.76	0.67	-2.647	HBOND
7z9e	A	53	 	Q	E	0.0	22	20	-2.323	2.629	H	0.931	-0.179	-3.005	-0.503	-1.853	A	237	 	V	S	0.204	11.0	21.0	-1.342	-0.517	H	-1.337	-0.279	-0.544	1.242	-1.262	VDW
7z9e	A	192	 	R	-	0.423	10	11	-0.953	2.567	H	1.538	-0.055	1.502	0.44	2.897	A	195	 	L	-	0.317	17.0	2.0	-1.293	2.524	H	-1.019	-0.987	-1.505	1.266	-0.912	HBOND
7z9e	A	192	 	R	-	0.423	10	11	-0.953	2.567	H	1.538	-0.055	1.502	0.44	2.897	A	195	 	L	-	0.317	17.0	2.0	-1.293	2.524	H	-1.019	-0.987	-1.505	1.266	-0.912	VDW
7z9e	A	302	 	R	H	0.073	13	14	-1.121	-0.79	H	1.538	-0.055	1.502	0.44	2.897	A	306	 	E	H	0.216	9.0	18.0	-1.105	-0.778	H	1.357	-1.453	1.477	0.113	-0.837	HBOND
7z9e	A	156	 	L	H	0.006	15	19	-1.042	-0.799	H	-1.019	-0.987	-1.505	1.266	-0.912	A	159	 	V	H	0.303	18.0	16.0	-1.068	-0.767	H	-1.337	-0.279	-0.544	1.242	-1.262	
7z9e	A	227	 	T	T	0.028	19	17	-1.232	-0.103	H	-0.032	0.326	2.213	0.908	1.313	A	269	 	V	-	0.063	18.0	12.0	-1.842	2.088	H	-1.337	-0.279	-0.544	1.242	-1.262	
7z9e	A	115	 	V	E	0.0	21	18	-2.216	2.392	H	-1.337	-0.279	-0.544	1.242	-1.262	A	123	 	I	E	0.0	19.0	28.0	-2.013	1.989	H	-1.239	-0.547	2.131	0.393	0.816	VDW
7z9e	A	36	 	Q	-	0.061	24	17	-1.437	2.542	H	0.931	-0.179	-3.005	-0.503	-1.853	A	223	 	L	E	0.098	21.0	22.0	-2.751	2.735	H	-1.019	-0.987	-1.505	1.266	-0.912	HBOND
7z9e	A	29	 	I	T	0.077	20	21	-1.118	-0.372	H	-1.239	-0.547	2.131	0.393	0.816	A	254	 	R	B	0.065	19.0	21.0	-0.739	2.344	H	1.538	-0.055	1.502	0.44	2.897	
7z9e	A	220	 	L	-	0.36	16	23	-1.605	-0.065	H	-1.019	-0.987	-1.505	1.266	-0.912	A	276	 	S	E	0.023	16.0	24.0	-1.182	2.414	H	-0.228	1.399	-4.76	0.67	-2.647	HBOND
7z9e	A	220	 	L	-	0.36	16	23	-1.605	-0.065	H	-1.019	-0.987	-1.505	1.266	-0.912	A	276	 	S	E	0.023	16.0	24.0	-1.182	2.414	H	-0.228	1.399	-4.76	0.67	-2.647	VDW
7z9e	A	182	 	A	S	0.151	11	14	1.211	0.152	L	-0.591	-1.302	-0.733	1.57	-0.146	A	213	 	R	H	0.254	15.0	19.0	-0.999	-0.723	H	1.538	-0.055	1.502	0.44	2.897	
7z9e	A	258	 	P	H	0.588	11	18	-0.935	-0.614	H	0.189	2.081	-1.628	0.421	-1.392	A	262	 	Q	H	0.475	5.0	18.0	-1.153	-0.759	H	0.931	-0.179	-3.005	-0.503	-1.853	HBOND
7z9e	A	216	 	Y	H	0.167	20	11	-1.273	-0.185	H	0.26	0.83	3.097	-0.838	1.512	A	222	 	R	E	0.089	21.0	19.0	-2.559	2.834	H	1.538	-0.055	1.502	0.44	2.897	PICATION
7z9e	A	40	 	A	E	0.0	19	23	-2.146	2.607	H	-0.591	-1.302	-0.733	1.57	-0.146	A	126	 	F	E	0.025	17.0	22.0	-2.01	2.173	H	-1.006	-0.59	1.891	-0.397	0.412	HBOND
7z9e	A	40	 	A	E	0.0	19	23	-2.146	2.607	H	-0.591	-1.302	-0.733	1.57	-0.146	A	126	 	F	E	0.025	17.0	22.0	-2.01	2.173	H	-1.006	-0.59	1.891	-0.397	0.412	VDW
7z9e	A	58	 	A	H	0.0	20	15	-0.867	-0.581	H	-0.591	-1.302	-0.733	1.57	-0.146	A	61	 	F	H	0.122	21.0	10.0	-1.823	-0.553	H	-1.006	-0.59	1.891	-0.397	0.412	HBOND
7z9e	A	9	 	F	-	0.152	18	6	-1.089	2.727	H	-1.006	-0.59	1.891	-0.397	0.412	A	26	 	R	G	0.331	12.0	13.0	-1.703	-0.021	H	1.538	-0.055	1.502	0.44	2.897	HBOND
7z9e	A	9	 	F	-	0.152	18	6	-1.089	2.727	H	-1.006	-0.59	1.891	-0.397	0.412	A	26	 	R	G	0.331	12.0	13.0	-1.703	-0.021	H	1.538	-0.055	1.502	0.44	2.897	VDW
7z9e	A	52	 	L	E	0.073	19	19	-1.735	-0.718	H	-1.019	-0.987	-1.505	1.266	-0.912	A	236	 	P	S	0.265	11.0	16.0	-1.09	2.663	H	0.189	2.081	-1.628	0.421	-1.392	
7z9e	A	226	 	D	-	0.344	10	24	-2.573	1.838	H	1.05	0.302	-3.656	-0.259	-3.242	A	270	 	G	S	0.083	8.0	22.0	-1.594	-0.427	H	-0.384	1.652	1.33	1.045	2.064	VDW
7z9e	A	165	 	R	H	0.202	16	15	-1.115	-0.709	H	1.538	-0.055	1.502	0.44	2.897	A	170	 	F	-	0.005	27.0	9.0	-1.014	2.493	H	-1.006	-0.59	1.891	-0.397	0.412	HBOND
7z9e	A	227	 	T	T	0.028	19	17	-1.232	-0.103	H	-0.032	0.326	2.213	0.908	1.313	A	270	 	G	S	0.083	8.0	22.0	-1.594	-0.427	H	-0.384	1.652	1.33	1.045	2.064	
7z9e	A	65	 	E	-	0.619	2	20	-1.111	2.646	H	1.357	-1.453	1.477	0.113	-0.837	A	69	 	L	H	0.018	22.0	9.0	-1.12	-0.704	H	-1.019	-0.987	-1.505	1.266	-0.912	HBOND
7z9e	A	251	 	A	-	0.038	28	17	-1.844	1.998	H	-0.591	-1.302	-0.733	1.57	-0.146	A	254	 	R	B	0.065	19.0	21.0	-0.739	2.344	H	1.538	-0.055	1.502	0.44	2.897	HBOND
7z9e	A	137	 	P	-	0.993	0	9		-0.378		0.189	2.081	-1.628	0.421	-1.392	A	140	 	L	H	0.335	7.0	14.0	-1.0	-0.807	H	-1.019	-0.987	-1.505	1.266	-0.912	
7z9e	A	39	 	G	S	0.0	25	14	-2.543	-3.128	H	-0.384	1.652	1.33	1.045	2.064	A	126	 	F	E	0.025	17.0	22.0	-2.01	2.173	H	-1.006	-0.59	1.891	-0.397	0.412	
7z9e	A	301	 	L	H	0.274	13	10	-1.129	-0.599	H	-1.019	-0.987	-1.505	1.266	-0.912	A	304	 	T	H	0.289	15.0	11.0	-1.03	-0.797	H	-0.032	0.326	2.213	0.908	1.313	
7z9e	A	284	 	W	E	0.084	15	20	-1.469	-0.653	H	-0.595	0.009	0.672	-2.128	-0.184	A	320	 	E	H	0.407	8.0	9.0	-1.39	-0.561	H	1.357	-1.453	1.477	0.113	-0.837	HBOND
7z9e	A	284	 	W	E	0.084	15	20	-1.469	-0.653	H	-0.595	0.009	0.672	-2.128	-0.184	A	320	 	E	H	0.407	8.0	9.0	-1.39	-0.561	H	1.357	-1.453	1.477	0.113	-0.837	VDW
7z9e	A	312	 	L	H	0.006	24	17	-1.048	-0.742	H	-1.019	-0.987	-1.505	1.266	-0.912	A	315	 	Q	H	0.227	21.0	13.0	-1.184	-0.658	H	0.931	-0.179	-3.005	-0.503	-1.853	
7z9e	A	225	 	A	S	0.047	16	23	-1.235	-0.511	H	-0.591	-1.302	-0.733	1.57	-0.146	A	295	 	Y	-	0.288	15.0	11.0	-2.868	2.109	H	0.26	0.83	3.097	-0.838	1.512	
7z9e	A	49	 	G	-	0.0	13	20	1.255	0.174	L	-0.384	1.652	1.33	1.045	2.064	A	73	 	T	B	0.352	8.0	17.0	-1.745	2.699	H	-0.032	0.326	2.213	0.908	1.313	VDW
7z9e	A	105	 	W	-	0.322	15	3	-2.268	2.511	H	-0.595	0.009	0.672	-2.128	-0.184	A	109	 	G								-0.384	1.652	1.33	1.045	2.064	
7z9e	A	315	 	Q	H	0.227	21	13	-1.184	-0.658	H	0.931	-0.179	-3.005	-0.503	-1.853	A	319	 	K	H	0.161	16.0	6.0	-1.235	-0.526	H	1.831	-0.561	0.533	-0.277	1.648	HBOND
7z9e	A	315	 	Q	H	0.227	21	13	-1.184	-0.658	H	0.931	-0.179	-3.005	-0.503	-1.853	A	319	 	K	H	0.161	16.0	6.0	-1.235	-0.526	H	1.831	-0.561	0.533	-0.277	1.648	VDW
7z9e	A	158	 	E	H	0.418	6	24	-1.11	-0.846	H	1.357	-1.453	1.477	0.113	-0.837	A	161	 	T	H	0.028	22.0	21.0	-1.15	-0.755	H	-0.032	0.326	2.213	0.908	1.313	
7z9e	A	34	 	S	E	0.123	16	27	-2.9	2.765	H	-0.228	1.399	-4.76	0.67	-2.647	A	232	 	V	E	0.141	15.0	12.0	-1.728	2.051	H	-1.337	-0.279	-0.544	1.242	-1.262	
7z9e	A	271	 	S	E	0.015	13	25	-2.509	2.398	H	-0.228	1.399	-4.76	0.67	-2.647	A	290	 	H	E	0.109	16.0	25.0	-2.253	2.571	H	0.336	-0.417	-1.673	-1.474	-0.078	
7z9e	A	174	 	M	E	0.053	20	21	-2.012	2.638	H	-0.663	-1.524	2.219	-1.005	1.212	A	290	 	H	E	0.109	16.0	25.0	-2.253	2.571	H	0.336	-0.417	-1.673	-1.474	-0.078	VDW
7z9e	A	112	 	S	E	0.085	12	18	-1.349	2.201	H	-0.228	1.399	-4.76	0.67	-2.647	A	126	 	F	E	0.025	17.0	22.0	-2.01	2.173	H	-1.006	-0.59	1.891	-0.397	0.412	
7z9e	A	40	 	A	E	0.0	19	23	-2.146	2.607	H	-0.591	-1.302	-0.733	1.57	-0.146	A	253	 	L	T	0.0	23.0	20.0	-1.462	-0.171	H	-1.019	-0.987	-1.505	1.266	-0.912	
7z9e	A	84	 	A	H	0.434	9	10	-1.096	-0.742	H	-0.591	-1.302	-0.733	1.57	-0.146	A	88	 	A	H	0.358	15.0	10.0	-1.296	-0.617	H	-0.591	-1.302	-0.733	1.57	-0.146	HBOND
7z9e	A	319	 	K	H	0.161	16	6	-1.235	-0.526	H	1.831	-0.561	0.533	-0.277	1.648	A	322	 	L	-	1.0	8.0	2.0	-1.365			-1.019	-0.987	-1.505	1.266	-0.912	
7z9e	A	264	 	L	H	0.085	24	7	-1.136	-0.789	H	-1.019	-0.987	-1.505	1.266	-0.912	A	269	 	V	-	0.063	18.0	12.0	-1.842	2.088	H	-1.337	-0.279	-0.544	1.242	-1.262	HBOND
7z9e	A	264	 	L	H	0.085	24	7	-1.136	-0.789	H	-1.019	-0.987	-1.505	1.266	-0.912	A	269	 	V	-	0.063	18.0	12.0	-1.842	2.088	H	-1.337	-0.279	-0.544	1.242	-1.262	VDW
7z9e	A	43	 	T	E	0.0	21	28	-2.059	2.577	H	-0.032	0.326	2.213	0.908	1.313	A	53	 	Q	E	0.0	22.0	20.0	-2.323	2.629	H	0.931	-0.179	-3.005	-0.503	-1.853	HBOND
7z9e	A	125	 	E	E	0.026	20	21	-1.945	2.221	H	1.357	-1.453	1.477	0.113	-0.837	A	251	 	A	-	0.038	28.0	17.0	-1.844	1.998	H	-0.591	-1.302	-0.733	1.57	-0.146	VDW
7z9e	A	45	 	D	E	0.202	14	20	-1.09	2.303	H	1.05	0.302	-3.656	-0.259	-3.242	A	49	 	G	-	0.0	13.0	20.0	1.255	0.174	L	-0.384	1.652	1.33	1.045	2.064	HBOND
7z9e	A	45	 	D	E	0.202	14	20	-1.09	2.303	H	1.05	0.302	-3.656	-0.259	-3.242	A	49	 	G	-	0.0	13.0	20.0	1.255	0.174	L	-0.384	1.652	1.33	1.045	2.064	VDW
7z9e	A	308	 	L	H	0.049	23	15	-1.082	-0.688	H	-1.019	-0.987	-1.505	1.266	-0.912	A	311	 	L	H	0.213	15.0	14.0	-1.139	-0.801	H	-1.019	-0.987	-1.505	1.266	-0.912	
7z9e	A	186	 	V	E	0.007	14	17	-1.343	1.942	H	-1.337	-0.279	-0.544	1.242	-1.262	A	198	 	F	-	0.091	18.0	5.0	-1.889	-0.027	H	-1.006	-0.59	1.891	-0.397	0.412	
7z9e	A	174	 	M	E	0.053	20	21	-2.012	2.638	H	-0.663	-1.524	2.219	-1.005	1.212	A	287	 	I	E	0.024	26.0	23.0	-1.43	1.904	H	-1.239	-0.547	2.131	0.393	0.816	
7z9e	A	34	 	S	E	0.123	16	27	-2.9	2.765	H	-0.228	1.399	-4.76	0.67	-2.647	A	255	 	A	-	0.066	19.0	23.0	-1.021	2.44	H	-0.591	-1.302	-0.733	1.57	-0.146	HBOND
7z9e	A	164	 	V	H	0.021	30	14	-1.091	-0.685	H	-1.337	-0.279	-0.544	1.242	-1.262	A	168	 	T	H	0.028	25.0	6.0	-1.806	-0.513	H	-0.032	0.326	2.213	0.908	1.313	
7z9e	A	117	 	R	E	0.04	18	20	-1.928	2.3	H	1.538	-0.055	1.502	0.44	2.897	A	121	 	L	E	0.006	16.0	21.0	-1.972	2.329	H	-1.019	-0.987	-1.505	1.266	-0.912	
7z9e	A	304	 	T	H	0.289	15	11	-1.03	-0.797	H	-0.032	0.326	2.213	0.908	1.313	A	308	 	L	H	0.049	23.0	15.0	-1.082	-0.688	H	-1.019	-0.987	-1.505	1.266	-0.912	HBOND
7z9e	A	153	 	L	H	0.244	12	16	-1.14	-0.692	H	-1.019	-0.987	-1.505	1.266	-0.912	A	157	 	A	H	0.009	16.0	24.0	-1.069	-0.796	H	-0.591	-1.302	-0.733	1.57	-0.146	HBOND
7z9e	A	36	 	Q	-	0.061	24	17	-1.437	2.542	H	0.931	-0.179	-3.005	-0.503	-1.853	A	254	 	R	B	0.065	19.0	21.0	-0.739	2.344	H	1.538	-0.055	1.502	0.44	2.897	HBOND
7z9e	A	29	 	I	T	0.077	20	21	-1.118	-0.372	H	-1.239	-0.547	2.131	0.393	0.816	A	32	 	P	-	0.25	17.0	19.0	-1.273	-0.216	H	0.189	2.081	-1.628	0.421	-1.392	
7z9e	A	94	 	P	-	0.632	5	12	-1.079	2.508	H	0.189	2.081	-1.628	0.421	-1.392	A	97	 	L	-	0.457	12.0	12.0	-1.139	2.29	H	-1.019	-0.987	-1.505	1.266	-0.912	HBOND
7z9e	A	94	 	P	-	0.632	5	12	-1.079	2.508	H	0.189	2.081	-1.628	0.421	-1.392	A	97	 	L	-	0.457	12.0	12.0	-1.139	2.29	H	-1.019	-0.987	-1.505	1.266	-0.912	VDW
7z9e	A	66	 	P	H	0.154	12	17	-0.869	-0.746	H	0.189	2.081	-1.628	0.421	-1.392	A	70	 	R	T	0.565	12.0	17.0	-0.945	2.173	H	1.538	-0.055	1.502	0.44	2.897	HBOND
7z9e	A	113	 	L	E	0.0	16	20	-1.912	2.19	H	-1.019	-0.987	-1.505	1.266	-0.912	A	125	 	E	E	0.026	20.0	21.0	-1.945	2.221	H	1.357	-1.453	1.477	0.113	-0.837	VDW
7z9e	A	167	 	L	H	0.305	20	7	-1.13	-0.717	H	-1.019	-0.987	-1.505	1.266	-0.912	A	301	 	L	H	0.274	13.0	10.0	-1.129	-0.599	H	-1.019	-0.987	-1.505	1.266	-0.912	VDW
7z9e	A	154	 	R	H	0.69	1	22	-1.08	-0.85	H	1.538	-0.055	1.502	0.44	2.897	A	158	 	E	H	0.418	6.0	24.0	-1.11	-0.846	H	1.357	-1.453	1.477	0.113	-0.837	HBOND
7z9e	A	154	 	R	H	0.69	1	22	-1.08	-0.85	H	1.538	-0.055	1.502	0.44	2.897	A	158	 	E	H	0.418	6.0	24.0	-1.11	-0.846	H	1.357	-1.453	1.477	0.113	-0.837	VDW
7z9e	A	177	 	K	E	0.283	16	22	-1.801	2.286	H	1.831	-0.561	0.533	-0.277	1.648	A	185	 	E	E	0.34	6.0	24.0	-2.483	2.405	H	1.357	-1.453	1.477	0.113	-0.837	HBOND
7z9e	A	177	 	K	E	0.283	16	22	-1.801	2.286	H	1.831	-0.561	0.533	-0.277	1.648	A	284	 	W	E	0.084	15.0	20.0	-1.469	-0.653	H	-0.595	0.009	0.672	-2.128	-0.184	PICATION
7z9e	A	177	 	K	E	0.283	16	22	-1.801	2.286	H	1.831	-0.561	0.533	-0.277	1.648	A	284	 	W	E	0.084	15.0	20.0	-1.469	-0.653	H	-0.595	0.009	0.672	-2.128	-0.184	VDW
7z9e	A	306	 	E	H	0.216	9	18	-1.105	-0.778	H	1.357	-1.453	1.477	0.113	-0.837	A	309	 	G	H	0.012	18.0	18.0	-0.985	-0.81	H	-0.384	1.652	1.33	1.045	2.064	
7z9e	A	79	 	P	T	0.603	1	14	-1.078	-0.595	H	0.189	2.081	-1.628	0.421	-1.392	A	83	 	P	H	0.566	2.0	18.0	-0.956	-0.851	H	0.189	2.081	-1.628	0.421	-1.392	
7z9e	A	225	 	A	S	0.047	16	23	-1.235	-0.511	H	-0.591	-1.302	-0.733	1.57	-0.146	A	271	 	S	E	0.015	13.0	25.0	-2.509	2.398	H	-0.228	1.399	-4.76	0.67	-2.647	
7z9e	A	205	 	A	G	0.264	7	15	-0.939	-0.672	H	-0.591	-1.302	-0.733	1.57	-0.146	A	208	 	I	S	0.166	19.0	16.0	-2.272	1.488	H	-1.239	-0.547	2.131	0.393	0.816	HBOND
7z9e	A	172	 	R	E	0.044	22	19	-2.45	2.353	H	1.538	-0.055	1.502	0.44	2.897	A	290	 	H	E	0.109	16.0	25.0	-2.253	2.571	H	0.336	-0.417	-1.673	-1.474	-0.078	HBOND
7z9e	A	172	 	R	E	0.044	22	19	-2.45	2.353	H	1.538	-0.055	1.502	0.44	2.897	A	290	 	H	E	0.109	16.0	25.0	-2.253	2.571	H	0.336	-0.417	-1.673	-1.474	-0.078	VDW
7z9e	A	259	 	M	H	0.293	14	13	-1.146	-0.715	H	-0.663	-1.524	2.219	-1.005	1.212	A	262	 	Q	H	0.475	5.0	18.0	-1.153	-0.759	H	0.931	-0.179	-3.005	-0.503	-1.853	VDW
7z9e	A	224	 	T	E	0.056	23	19	-2.195	1.847	H	-0.032	0.326	2.213	0.908	1.313	A	256	 	T	-	0.176	21.0	20.0	-1.451	2.562	H	-0.032	0.326	2.213	0.908	1.313	
7z9e	A	73	 	T	B	0.352	8	17	-1.745	2.699	H	-0.032	0.326	2.213	0.908	1.313	A	76	 	A	H	0.594	8.0	9.0	-1.345	-0.835	H	-0.591	-1.302	-0.733	1.57	-0.146	HBOND
7z9e	A	73	 	T	B	0.352	8	17	-1.745	2.699	H	-0.032	0.326	2.213	0.908	1.313	A	76	 	A	H	0.594	8.0	9.0	-1.345	-0.835	H	-0.591	-1.302	-0.733	1.57	-0.146	VDW
7z9e	A	303	 	T	H	0.331	6	18	-1.023	-0.782	H	-0.032	0.326	2.213	0.908	1.313	A	306	 	E	H	0.216	9.0	18.0	-1.105	-0.778	H	1.357	-1.453	1.477	0.113	-0.837	
7z9e	A	65	 	E	-	0.619	2	20	-1.111	2.646	H	1.357	-1.453	1.477	0.113	-0.837	A	68	 	V	H	0.528	7.0	12.0	-1.559	-0.696	H	-1.337	-0.279	-0.544	1.242	-1.262	HBOND
7z9e	A	65	 	E	-	0.619	2	20	-1.111	2.646	H	1.357	-1.453	1.477	0.113	-0.837	A	68	 	V	H	0.528	7.0	12.0	-1.559	-0.696	H	-1.337	-0.279	-0.544	1.242	-1.262	VDW
7z9e	A	213	 	R	H	0.254	15	19	-0.999	-0.723	H	1.538	-0.055	1.502	0.44	2.897	A	217	 	T	H	0.359	11.0	16.0	-1.391	-0.449	H	-0.032	0.326	2.213	0.908	1.313	
7z9e	A	262	 	Q	H	0.475	5	18	-1.153	-0.759	H	0.931	-0.179	-3.005	-0.503	-1.853	A	266	 	N	H	0.904	5.0	9.0	-1.19	-0.355	H	0.945	0.828	1.299	-0.169	0.933	HBOND
7z9e	A	85	 	L	H	0.0	21	11	-1.04	-0.881	H	-1.019	-0.987	-1.505	1.266	-0.912	A	88	 	A	H	0.358	15.0	10.0	-1.296	-0.617	H	-0.591	-1.302	-0.733	1.57	-0.146	
7z9e	A	163	 	T	H	0.162	22	15	-1.059	-0.885	H	-0.032	0.326	2.213	0.908	1.313	A	166	 	E	H	0.732	8.0	15.0	-1.138	-0.699	H	1.357	-1.453	1.477	0.113	-0.837	
7z9e	A	260	 	A	H	0.406	16	15	-1.181	-0.721	H	-0.591	-1.302	-0.733	1.57	-0.146	A	264	 	L	H	0.085	24.0	7.0	-1.136	-0.789	H	-1.019	-0.987	-1.505	1.266	-0.912	HBOND
7z9e	A	260	 	A	H	0.406	16	15	-1.181	-0.721	H	-0.591	-1.302	-0.733	1.57	-0.146	A	264	 	L	H	0.085	24.0	7.0	-1.136	-0.789	H	-1.019	-0.987	-1.505	1.266	-0.912	VDW
7z9e	A	153	 	L	H	0.244	12	16	-1.14	-0.692	H	-1.019	-0.987	-1.505	1.266	-0.912	A	156	 	L	H	0.006	15.0	19.0	-1.042	-0.799	H	-1.019	-0.987	-1.505	1.266	-0.912	
7z9e	A	263	 	F	H	0.462	10	12	-0.981	-0.793	H	-1.006	-0.59	1.891	-0.397	0.412	A	267	 	M	T	0.266	15.0	4.0	-1.598	0.033	H	-0.663	-1.524	2.219	-1.005	1.212	HBOND
7z9e	A	36	 	Q	-	0.061	24	17	-1.437	2.542	H	0.931	-0.179	-3.005	-0.503	-1.853	A	224	 	T	E	0.056	23.0	19.0	-2.195	1.847	H	-0.032	0.326	2.213	0.908	1.313	
7z9e	A	95	 	D	T	0.485	13	14	-1.298	-0.232	H	1.05	0.302	-3.656	-0.259	-3.242	A	117	 	R	E	0.04	18.0	20.0	-1.928	2.3	H	1.538	-0.055	1.502	0.44	2.897	
7z9e	A	161	 	T	H	0.028	22	21	-1.15	-0.755	H	-0.032	0.326	2.213	0.908	1.313	A	164	 	V	H	0.021	30.0	14.0	-1.091	-0.685	H	-1.337	-0.279	-0.544	1.242	-1.262	
7z9e	A	278	 	V	E	0.254	15	18	-2.023	2.128	H	-1.337	-0.279	-0.544	1.242	-1.262	A	313	 	S	H	0.085	18.0	18.0	-0.936	-0.846	H	-0.228	1.399	-4.76	0.67	-2.647	HBOND
7z9e	A	64	 	Q	S	0.333	8	11	-2.37	2.518	H	0.931	-0.179	-3.005	-0.503	-1.853	A	68	 	V	H	0.528	7.0	12.0	-1.559	-0.696	H	-1.337	-0.279	-0.544	1.242	-1.262	
7z9e	A	305	 	L	H	0.0	24	15	-1.142	-0.632	H	-1.019	-0.987	-1.505	1.266	-0.912	A	309	 	G	H	0.012	18.0	18.0	-0.985	-0.81	H	-0.384	1.652	1.33	1.045	2.064	HBOND
7z9e	A	314	 	L	H	0.628	8	17	-1.104	-0.778	H	-1.019	-0.987	-1.505	1.266	-0.912	A	318	 	V	H	0.57	11.0	9.0	-1.094	-0.905	H	-1.337	-0.279	-0.544	1.242	-1.262	HBOND
7z9e	A	314	 	L	H	0.628	8	17	-1.104	-0.778	H	-1.019	-0.987	-1.505	1.266	-0.912	A	318	 	V	H	0.57	11.0	9.0	-1.094	-0.905	H	-1.337	-0.279	-0.544	1.242	-1.262	VDW
7z9e	A	57	 	N	T	0.14	16	16	-1.646	0.116	H	0.945	0.828	1.299	-0.169	0.933	A	60	 	T	H	0.768	14.0	9.0	-0.894	-0.722	H	-0.032	0.326	2.213	0.908	1.313	
7z9e	A	159	 	V	H	0.303	18	16	-1.068	-0.767	H	-1.337	-0.279	-0.544	1.242	-1.262	A	163	 	T	H	0.162	22.0	15.0	-1.059	-0.885	H	-0.032	0.326	2.213	0.908	1.313	VDW
7z9e	A	46	 	G	T	0.119	17	17	-1.263	-0.227	H	-0.384	1.652	1.33	1.045	2.064	A	120	 	E	T	0.722	9.0	20.0	-1.759	0.211	H	1.357	-1.453	1.477	0.113	-0.837	HBOND
7z9e	A	138	 	H	H	0.712	0	8	-0.963	-0.709	H	0.336	-0.417	-1.673	-1.474	-0.078	A	142	 	N	H	0.669	2.0	12.0	-1.155	-0.586	H	0.945	0.828	1.299	-0.169	0.933	HBOND
7z9e	A	51	 	V	E	0.0	20	17	-1.264	2.043	H	-1.337	-0.279	-0.544	1.242	-1.262	A	72	 	Q	-	0.303	14.0	11.0	-1.283	2.773	H	0.931	-0.179	-3.005	-0.503	-1.853	HBOND
7z9e	A	178	 	F	E	0.102	20	12	-1.452	2.324	H	-1.006	-0.59	1.891	-0.397	0.412	A	183	 	T	-	0.162	6.0	17.0	-1.125	2.778	H	-0.032	0.326	2.213	0.908	1.313	
7z9e	A	312	 	L	H	0.006	24	17	-1.048	-0.742	H	-1.019	-0.987	-1.505	1.266	-0.912	A	316	 	V	H	0.0	19.0	16.0	-1.116	-0.746	H	-1.337	-0.279	-0.544	1.242	-1.262	HBOND
7z9e	A	248	 	L	-	0.0	25	16	-2.041	0.158	H	-1.019	-0.987	-1.505	1.266	-0.912	A	254	 	R	B	0.065	19.0	21.0	-0.739	2.344	H	1.538	-0.055	1.502	0.44	2.897	VDW
7z9e	A	313	 	S	H	0.085	18	18	-0.936	-0.846	H	-0.228	1.399	-4.76	0.67	-2.647	A	316	 	V	H	0.0	19.0	16.0	-1.116	-0.746	H	-1.337	-0.279	-0.544	1.242	-1.262	
7z9e	A	98	 	Q	-	0.323	10	19	-2.122	2.494	H	0.931	-0.179	-3.005	-0.503	-1.853	A	115	 	V	E	0.0	21.0	18.0	-2.216	2.392	H	-1.337	-0.279	-0.544	1.242	-1.262	VDW
7z9e	A	83	 	P	H	0.566	2	18	-0.956	-0.851	H	0.189	2.081	-1.628	0.421	-1.392	A	87	 	A	H	0.774	4.0	12.0	-1.082	-0.693	H	-0.591	-1.302	-0.733	1.57	-0.146	HBOND
7z9e	A	78	 	L	-	0.11	19	8	-2.279	1.129	H	-1.019	-0.987	-1.505	1.266	-0.912	A	81	 	Q	T	0.141	16.0	10.0	-1.797	-0.486	H	0.931	-0.179	-3.005	-0.503	-1.853	HBOND
7z9e	A	142	 	N	H	0.669	2	12	-1.155	-0.586	H	0.945	0.828	1.299	-0.169	0.933	A	145	 	F	H	0.64	5.0	16.0	-1.146	-0.685	H	-1.006	-0.59	1.891	-0.397	0.412	VDW
7z9e	A	155	 	A	H	0.17	8	16	-1.076	-0.696	H	-0.591	-1.302	-0.733	1.57	-0.146	A	158	 	E	H	0.418	6.0	24.0	-1.11	-0.846	H	1.357	-1.453	1.477	0.113	-0.837	
7z9e	A	219	 	H	S	0.196	15	14	-2.118	1.872	H	0.336	-0.417	-1.673	-1.474	-0.078	A	249	 	G	T	0.143	17.0	20.0	-0.978	-0.533	H	-0.384	1.652	1.33	1.045	2.064	
7z9e	A	44	 	A	E	0.0	24	16	-2.444	2.632	H	-0.591	-1.302	-0.733	1.57	-0.146	A	122	 	L	E	0.006	23.0	23.0	-1.669	2.357	H	-1.019	-0.987	-1.505	1.266	-0.912	HBOND
7z9e	A	45	 	D	E	0.202	14	20	-1.09	2.303	H	1.05	0.302	-3.656	-0.259	-3.242	A	241	 	Q	T	0.308	17.0	7.0	-1.085	-0.702	H	0.931	-0.179	-3.005	-0.503	-1.853	HBOND
7z9e	A	45	 	D	E	0.202	14	20	-1.09	2.303	H	1.05	0.302	-3.656	-0.259	-3.242	A	241	 	Q	T	0.308	17.0	7.0	-1.085	-0.702	H	0.931	-0.179	-3.005	-0.503	-1.853	VDW
7z9e	A	311	 	L	H	0.213	15	14	-1.139	-0.801	H	-1.019	-0.987	-1.505	1.266	-0.912	A	315	 	Q	H	0.227	21.0	13.0	-1.184	-0.658	H	0.931	-0.179	-3.005	-0.503	-1.853	HBOND
7z9e	A	316	 	V	H	0.0	19	16	-1.116	-0.746	H	-1.337	-0.279	-0.544	1.242	-1.262	A	320	 	E	H	0.407	8.0	9.0	-1.39	-0.561	H	1.357	-1.453	1.477	0.113	-0.837	HBOND
7z9e	A	316	 	V	H	0.0	19	16	-1.116	-0.746	H	-1.337	-0.279	-0.544	1.242	-1.262	A	320	 	E	H	0.407	8.0	9.0	-1.39	-0.561	H	1.357	-1.453	1.477	0.113	-0.837	VDW
7z9e	A	81	 	Q	T	0.141	16	10	-1.797	-0.486	H	0.931	-0.179	-3.005	-0.503	-1.853	A	99	 	Y	E	0.162	18.0	11.0	-1.8	2.262	H	0.26	0.83	3.097	-0.838	1.512	
7z9e	A	55	 	S	E	0.0	24	18	-1.079	2.489	H	-0.228	1.399	-4.76	0.67	-2.647	A	58	 	A	H	0.0	20.0	15.0	-0.867	-0.581	H	-0.591	-1.302	-0.733	1.57	-0.146	HBOND
7z9e	A	55	 	S	E	0.0	24	18	-1.079	2.489	H	-0.228	1.399	-4.76	0.67	-2.647	A	58	 	A	H	0.0	20.0	15.0	-0.867	-0.581	H	-0.591	-1.302	-0.733	1.57	-0.146	VDW
7z9e	A	274	 	S	E	0.108	14	26	-2.414	2.663	H	-0.228	1.399	-4.76	0.67	-2.647	A	287	 	I	E	0.024	26.0	23.0	-1.43	1.904	H	-1.239	-0.547	2.131	0.393	0.816	VDW
7z9e	A	171	 	D	S	0.049	15	19	-1.034	-0.658	H	1.05	0.302	-3.656	-0.259	-3.242	A	290	 	H	E	0.109	16.0	25.0	-2.253	2.571	H	0.336	-0.417	-1.673	-1.474	-0.078	HBOND
7z9e	A	298	 	P	-	0.118	9	16	-0.888	2.431	H	0.189	2.081	-1.628	0.421	-1.392	A	301	 	L	H	0.274	13.0	10.0	-1.129	-0.599	H	-1.019	-0.987	-1.505	1.266	-0.912	HBOND
7z9e	A	298	 	P	-	0.118	9	16	-0.888	2.431	H	0.189	2.081	-1.628	0.421	-1.392	A	301	 	L	H	0.274	13.0	10.0	-1.129	-0.599	H	-1.019	-0.987	-1.505	1.266	-0.912	VDW
7z9e	A	176	 	Y	E	0.099	19	19	-1.823	1.943	H	0.26	0.83	3.097	-0.838	1.512	A	185	 	E	E	0.34	6.0	24.0	-2.483	2.405	H	1.357	-1.453	1.477	0.113	-0.837	
7z9e	A	139	 	A	H	0.755	5	9	-1.149	-0.986	H	-0.591	-1.302	-0.733	1.57	-0.146	A	142	 	N	H	0.669	2.0	12.0	-1.155	-0.586	H	0.945	0.828	1.299	-0.169	0.933	HBOND
7z9e	A	310	 	R	H	0.496	7	21	-1.109	-0.78	H	1.538	-0.055	1.502	0.44	2.897	A	313	 	S	H	0.085	18.0	18.0	-0.936	-0.846	H	-0.228	1.399	-4.76	0.67	-2.647	
7z9e	A	270	 	G	S	0.083	8	22	-1.594	-0.427	H	-0.384	1.652	1.33	1.045	2.064	A	291	 	H	E	0.174	18.0	17.0	-2.215	2.472	H	0.336	-0.417	-1.673	-1.474	-0.078	HBOND
7z9e	A	189	 	E	E	0.134	22	17	-2.733	2.569	H	1.357	-1.453	1.477	0.113	-0.837	A	198	 	F	-	0.091	18.0	5.0	-1.889	-0.027	H	-1.006	-0.59	1.891	-0.397	0.412	HBOND
7z9e	A	189	 	E	E	0.134	22	17	-2.733	2.569	H	1.357	-1.453	1.477	0.113	-0.837	A	198	 	F	-	0.091	18.0	5.0	-1.889	-0.027	H	-1.006	-0.59	1.891	-0.397	0.412	VDW
7z9e	A	125	 	E	E	0.026	20	21	-1.945	2.221	H	1.357	-1.453	1.477	0.113	-0.837	A	252	 	V	T	0.134	23.0	21.0	-1.113	-0.372	H	-1.337	-0.279	-0.544	1.242	-1.262	
7z9e	A	43	 	T	E	0.0	21	28	-2.059	2.577	H	-0.032	0.326	2.213	0.908	1.313	A	122	 	L	E	0.006	23.0	23.0	-1.669	2.357	H	-1.019	-0.987	-1.505	1.266	-0.912	
7z9e	A	58	 	A	H	0.0	20	15	-0.867	-0.581	H	-0.591	-1.302	-0.733	1.57	-0.146	A	62	 	L	H	0.268	21.0	13.0	-1.965	-0.165	H	-1.019	-0.987	-1.505	1.266	-0.912	HBOND
7z9e	A	171	 	D	S	0.049	15	19	-1.034	-0.658	H	1.05	0.302	-3.656	-0.259	-3.242	A	191	 	R	E	0.435	14.0	16.0	-2.426	2.537	H	1.538	-0.055	1.502	0.44	2.897	
7z9e	A	145	 	F	H	0.64	5	16	-1.146	-0.685	H	-1.006	-0.59	1.891	-0.397	0.412	A	148	 	E	H	0.577	5.0	21.0	-1.016	-0.653	H	1.357	-1.453	1.477	0.113	-0.837	
7z9e	A	112	 	S	E	0.085	12	18	-1.349	2.201	H	-0.228	1.399	-4.76	0.67	-2.647	A	127	 	E	E	0.021	16.0	24.0	-2.603	2.632	H	1.357	-1.453	1.477	0.113	-0.837	HBOND
7z9e	A	59	 	A	H	0.406	6	16	-1.147	-0.627	H	-0.591	-1.302	-0.733	1.57	-0.146	A	63	 	G	S	0.798	4.0	12.0	1.367	0.148	L	-0.384	1.652	1.33	1.045	2.064	HBOND
7z9e	A	89	 	L	S	0.0	24	8	-2.21	1.19	H	-1.019	-0.987	-1.505	1.266	-0.912	A	117	 	R	E	0.04	18.0	20.0	-1.928	2.3	H	1.538	-0.055	1.502	0.44	2.897	HBOND
7z9e	A	140	 	L	H	0.335	7	14	-1.0	-0.807	H	-1.019	-0.987	-1.505	1.266	-0.912	A	143	 	A	H	0.16	18.0	11.0	-1.177	-0.827	H	-0.591	-1.302	-0.733	1.57	-0.146	HBOND
7z9e	A	140	 	L	H	0.335	7	14	-1.0	-0.807	H	-1.019	-0.987	-1.505	1.266	-0.912	A	143	 	A	H	0.16	18.0	11.0	-1.177	-0.827	H	-0.591	-1.302	-0.733	1.57	-0.146	VDW
7z9e	A	90	 	P	-	0.426	2	24	-1.255	2.769	H	0.189	2.081	-1.628	0.421	-1.392	A	117	 	R	E	0.04	18.0	20.0	-1.928	2.3	H	1.538	-0.055	1.502	0.44	2.897	
7z9e	A	45	 	D	E	0.202	14	20	-1.09	2.303	H	1.05	0.302	-3.656	-0.259	-3.242	A	50	 	E	B	0.423	9.0	20.0	-1.057	2.231	H	1.357	-1.453	1.477	0.113	-0.837	HBOND
7z9e	A	104	 	D	-	0.84	1	18	-1.224	2.295	H	1.05	0.302	-3.656	-0.259	-3.242	A	110	 	H	-	0.56	9.0	10.0	-2.462	2.719	H	0.336	-0.417	-1.673	-1.474	-0.078	VDW
7z9e	A	165	 	R	H	0.202	16	15	-1.115	-0.709	H	1.538	-0.055	1.502	0.44	2.897	A	192	 	R	-	0.423	10.0	11.0	-0.953	2.567	H	1.538	-0.055	1.502	0.44	2.897	VDW
7z9e	A	42	 	L	E	0.024	26	27	-2.076	2.649	H	-1.019	-0.987	-1.505	1.266	-0.912	A	124	 	L	E	0.0	24.0	23.0	-1.901	2.102	H	-1.019	-0.987	-1.505	1.266	-0.912	HBOND
7z9e	A	55	 	S	E	0.0	24	18	-1.079	2.489	H	-0.228	1.399	-4.76	0.67	-2.647	A	233	 	P	E	0.412	8.0	23.0	-1.032	2.57	H	0.189	2.081	-1.628	0.421	-1.392	
7z9e	A	150	 	A	-	0.047	19	3	-1.094	2.244	H	-0.591	-1.302	-0.733	1.57	-0.146	A	319	 	K	H	0.161	16.0	6.0	-1.235	-0.526	H	1.831	-0.561	0.533	-0.277	1.648	
7z9e	A	120	 	E	T	0.722	9	20	-1.759	0.211	H	1.357	-1.453	1.477	0.113	-0.837	A	241	 	Q	T	0.308	17.0	7.0	-1.085	-0.702	H	0.931	-0.179	-3.005	-0.503	-1.853	HBOND
7z9e	A	13	 	Y	G	0.293	12	10	-1.557	0.01	H	0.26	0.83	3.097	-0.838	1.512	A	245	 	P	E	0.25	15.0	16.0	-0.994	2.536	H	0.189	2.081	-1.628	0.421	-1.392	
7z9e	A	81	 	Q	T	0.141	16	10	-1.797	-0.486	H	0.931	-0.179	-3.005	-0.503	-1.853	A	84	 	A	H	0.434	9.0	10.0	-1.096	-0.742	H	-0.591	-1.302	-0.733	1.57	-0.146	
7z9e	A	49	 	G	-	0.0	13	20	1.255	0.174	L	-0.384	1.652	1.33	1.045	2.064	A	74	 	L	H	0.0	21.0	10.0	-1.164	-0.438	H	-1.019	-0.987	-1.505	1.266	-0.912	HBOND
7z9e	A	73	 	T	B	0.352	8	17	-1.745	2.699	H	-0.032	0.326	2.213	0.908	1.313	A	77	 	L	H	0.262	15.0	8.0	-1.363	-0.645	H	-1.019	-0.987	-1.505	1.266	-0.912	HBOND
7z9e	A	73	 	T	B	0.352	8	17	-1.745	2.699	H	-0.032	0.326	2.213	0.908	1.313	A	77	 	L	H	0.262	15.0	8.0	-1.363	-0.645	H	-1.019	-0.987	-1.505	1.266	-0.912	VDW
7z9e	A	143	 	A	H	0.16	18	11	-1.177	-0.827	H	-0.591	-1.302	-0.733	1.57	-0.146	A	147	 	L	H	0.03	20.0	15.0	-1.02	-0.838	H	-1.019	-0.987	-1.505	1.266	-0.912	HBOND
7z9e	A	143	 	A	H	0.16	18	11	-1.177	-0.827	H	-0.591	-1.302	-0.733	1.57	-0.146	A	147	 	L	H	0.03	20.0	15.0	-1.02	-0.838	H	-1.019	-0.987	-1.505	1.266	-0.912	VDW
7z9e	A	303	 	T	H	0.331	6	18	-1.023	-0.782	H	-0.032	0.326	2.213	0.908	1.313	A	307	 	Y	H	0.392	9.0	15.0	-1.043	-0.833	H	0.26	0.83	3.097	-0.838	1.512	VDW
7z9e	A	54	 	M	E	0.037	18	25	-2.453	2.262	H	-0.663	-1.524	2.219	-1.005	1.212	A	235	 	D	E	0.38	9.0	22.0	-2.344	2.48	H	1.05	0.302	-3.656	-0.259	-3.242	HBOND
7z9e	A	54	 	M	E	0.037	18	25	-2.453	2.262	H	-0.663	-1.524	2.219	-1.005	1.212	A	235	 	D	E	0.38	9.0	22.0	-2.344	2.48	H	1.05	0.302	-3.656	-0.259	-3.242	VDW
7z9e	A	160	 	A	H	0.047	27	19	-1.072	-0.85	H	-0.591	-1.302	-0.733	1.57	-0.146	A	163	 	T	H	0.162	22.0	15.0	-1.059	-0.885	H	-0.032	0.326	2.213	0.908	1.313	
7z9e	A	183	 	T	-	0.162	6	17	-1.125	2.778	H	-0.032	0.326	2.213	0.908	1.313	A	202	 	R	E	0.593	7.0	13.0	-2.006	2.659	H	1.538	-0.055	1.502	0.44	2.897	HBOND
7z9e	A	185	 	E	E	0.34	6	24	-2.483	2.405	H	1.357	-1.453	1.477	0.113	-0.837	A	200	 	G	T	0.488	1.0	15.0	1.468	-0.133	L	-0.384	1.652	1.33	1.045	2.064	
7z9e	A	147	 	L	H	0.03	20	15	-1.02	-0.838	H	-1.019	-0.987	-1.505	1.266	-0.912	A	156	 	L	H	0.006	15.0	19.0	-1.042	-0.799	H	-1.019	-0.987	-1.505	1.266	-0.912	
7z9e	A	221	 	L	E	0.128	15	24	-2.458	2.351	H	-1.019	-0.987	-1.505	1.266	-0.912	A	274	 	S	E	0.108	14.0	26.0	-2.414	2.663	H	-0.228	1.399	-4.76	0.67	-2.647	
7z9e	A	189	 	E	E	0.134	22	17	-2.733	2.569	H	1.357	-1.453	1.477	0.113	-0.837	A	199	 	L	T	0.555	13.0	13.0	-1.005	2.209	H	-1.019	-0.987	-1.505	1.266	-0.912	HBOND
7z9e	A	179	 	A	-	0.302	10	9	-1.447	2.89	H	-0.591	-1.302	-0.733	1.57	-0.146	A	183	 	T	-	0.162	6.0	17.0	-1.125	2.778	H	-0.032	0.326	2.213	0.908	1.313	HBOND
7z9e	A	284	 	W	E	0.084	15	20	-1.469	-0.653	H	-0.595	0.009	0.672	-2.128	-0.184	A	316	 	V	H	0.0	19.0	16.0	-1.116	-0.746	H	-1.337	-0.279	-0.544	1.242	-1.262	VDW
7z9e	A	316	 	V	H	0.0	19	16	-1.116	-0.746	H	-1.337	-0.279	-0.544	1.242	-1.262	A	319	 	K	H	0.161	16.0	6.0	-1.235	-0.526	H	1.831	-0.561	0.533	-0.277	1.648	VDW
7z9e	A	174	 	M	E	0.053	20	21	-2.012	2.638	H	-0.663	-1.524	2.219	-1.005	1.212	A	188	 	A	E	0.019	14.0	18.0	-2.843	2.621	H	-0.591	-1.302	-0.733	1.57	-0.146	
7z9e	A	277	 	V	E	0.0	18	22	-1.843	1.964	H	-1.337	-0.279	-0.544	1.242	-1.262	A	284	 	W	E	0.084	15.0	20.0	-1.469	-0.653	H	-0.595	0.009	0.672	-2.128	-0.184	HBOND
7z9e	A	208	 	I	S	0.166	19	16	-2.272	1.488	H	-1.239	-0.547	2.131	0.393	0.816	A	213	 	R	H	0.254	15.0	19.0	-0.999	-0.723	H	1.538	-0.055	1.502	0.44	2.897	HBOND
7z9e	A	271	 	S	E	0.015	13	25	-2.509	2.398	H	-0.228	1.399	-4.76	0.67	-2.647	A	291	 	H	E	0.174	18.0	17.0	-2.215	2.472	H	0.336	-0.417	-1.673	-1.474	-0.078	HBOND
7z9e	A	161	 	T	H	0.028	22	21	-1.15	-0.755	H	-0.032	0.326	2.213	0.908	1.313	A	165	 	R	H	0.202	16.0	15.0	-1.115	-0.709	H	1.538	-0.055	1.502	0.44	2.897	HBOND
7z9e	A	210	 	A	H	0.491	6	21	-1.027	-0.676	H	-0.591	-1.302	-0.733	1.57	-0.146	A	213	 	R	H	0.254	15.0	19.0	-0.999	-0.723	H	1.538	-0.055	1.502	0.44	2.897	
7z9e	A	272	 	S	E	0.162	18	23	-2.41	2.536	H	-0.228	1.399	-4.76	0.67	-2.647	A	289	 	C	E	0.0	27.0	19.0	-2.005	2.46	H	-1.343	0.465	-0.862	-1.02	-0.255	
7z9e	A	175	 	L	E	0.006	20	26	-1.832	1.982	H	-1.019	-0.987	-1.505	1.266	-0.912	A	187	 	I	E	0.266	16.0	16.0	-1.811	-0.148	H	-1.239	-0.547	2.131	0.393	0.816	HBOND
7z9e	A	140	 	L	H	0.335	7	14	-1.0	-0.807	H	-1.019	-0.987	-1.505	1.266	-0.912	A	144	 	M	H	0.245	12.0	16.0	-0.995	-0.804	H	-0.663	-1.524	2.219	-1.005	1.212	HBOND
7z9e	A	300	 	D	H	0.663	6	18	-1.148	-0.715	H	1.05	0.302	-3.656	-0.259	-3.242	A	303	 	T	H	0.331	6.0	18.0	-1.023	-0.782	H	-0.032	0.326	2.213	0.908	1.313	
7z9e	A	212	 	A	H	0.057	15	19	-1.161	-0.861	H	-0.591	-1.302	-0.733	1.57	-0.146	A	215	 	L	H	0.11	18.0	11.0	-1.02	-0.736	H	-1.019	-0.987	-1.505	1.266	-0.912	
7z9e	A	275	 	V	E	0.014	21	22	-2.13	2.266	H	-1.337	-0.279	-0.544	1.242	-1.262	A	286	 	L	E	0.03	21.0	25.0	-2.371	2.485	H	-1.019	-0.987	-1.505	1.266	-0.912	
7z9e	A	227	 	T	T	0.028	19	17	-1.232	-0.103	H	-0.032	0.326	2.213	0.908	1.313	A	261	 	M	H	0.122	14.0	15.0	-1.073	-0.693	H	-0.663	-1.524	2.219	-1.005	1.212	
7z9e	A	64	 	Q	S	0.333	8	11	-2.37	2.518	H	0.931	-0.179	-3.005	-0.503	-1.853	A	69	 	L	H	0.018	22.0	9.0	-1.12	-0.704	H	-1.019	-0.987	-1.505	1.266	-0.912	VDW
7z9e	A	264	 	L	H	0.085	24	7	-1.136	-0.789	H	-1.019	-0.987	-1.505	1.266	-0.912	A	267	 	M	T	0.266	15.0	4.0	-1.598	0.033	H	-0.663	-1.524	2.219	-1.005	1.212	HBOND
7z9e	A	191	 	R	E	0.435	14	16	-2.426	2.537	H	1.538	-0.055	1.502	0.44	2.897	A	195	 	L	-	0.317	17.0	2.0	-1.293	2.524	H	-1.019	-0.987	-1.505	1.266	-0.912	HBOND
7z9e	A	118	 	V	E	0.289	13	20	-2.142	1.964	H	-1.337	-0.279	-0.544	1.242	-1.262	A	121	 	L	E	0.006	16.0	21.0	-1.972	2.329	H	-1.019	-0.987	-1.505	1.266	-0.912	HBOND
7z9e	A	81	 	Q	T	0.141	16	10	-1.797	-0.486	H	0.931	-0.179	-3.005	-0.503	-1.853	A	85	 	L	H	0.0	21.0	11.0	-1.04	-0.881	H	-1.019	-0.987	-1.505	1.266	-0.912	HBOND
7z9e	A	81	 	Q	T	0.141	16	10	-1.797	-0.486	H	0.931	-0.179	-3.005	-0.503	-1.853	A	85	 	L	H	0.0	21.0	11.0	-1.04	-0.881	H	-1.019	-0.987	-1.505	1.266	-0.912	VDW
7z9e	A	102	 	T	E	0.641	5	18	-1.793	2.059	H	-0.032	0.326	2.213	0.908	1.313	A	110	 	H	-	0.56	9.0	10.0	-2.462	2.719	H	0.336	-0.417	-1.673	-1.474	-0.078	
7z9e	A	173	 	V	E	0.0	18	24	-2.226	2.127	H	-1.337	-0.279	-0.544	1.242	-1.262	A	189	 	E	E	0.134	22.0	17.0	-2.733	2.569	H	1.357	-1.453	1.477	0.113	-0.837	
7z9e	A	59	 	A	H	0.406	6	16	-1.147	-0.627	H	-0.591	-1.302	-0.733	1.57	-0.146	A	64	 	Q	S	0.333	8.0	11.0	-2.37	2.518	H	0.931	-0.179	-3.005	-0.503	-1.853	VDW
7z9e	A	239	 	N	E	0.038	17	13	-1.118	2.044	H	0.945	0.828	1.299	-0.169	0.933	A	243	 	N	T	0.815	0.0	13.0	0.974	0.592	L	0.945	0.828	1.299	-0.169	0.933	HBOND
7z9e	A	78	 	L	-	0.11	19	8	-2.279	1.129	H	-1.019	-0.987	-1.505	1.266	-0.912	A	82	 	W	H	0.101	14.0	16.0	-0.951	-0.902	H	-0.595	0.009	0.672	-2.128	-0.184	HBOND
7z9e	A	147	 	L	H	0.03	20	15	-1.02	-0.838	H	-1.019	-0.987	-1.505	1.266	-0.912	A	150	 	A	-	0.047	19.0	3.0	-1.094	2.244	H	-0.591	-1.302	-0.733	1.57	-0.146	HBOND
7z9e	A	165	 	R	H	0.202	16	15	-1.115	-0.709	H	1.538	-0.055	1.502	0.44	2.897	A	168	 	T	H	0.028	25.0	6.0	-1.806	-0.513	H	-0.032	0.326	2.213	0.908	1.313	
7z9e	A	215	 	L	H	0.11	18	11	-1.02	-0.736	H	-1.019	-0.987	-1.505	1.266	-0.912	A	218	 	R	H	0.754	11.0	14.0	-1.807	-0.673	H	1.538	-0.055	1.502	0.44	2.897	HBOND
7z9e	A	215	 	L	H	0.11	18	11	-1.02	-0.736	H	-1.019	-0.987	-1.505	1.266	-0.912	A	218	 	R	H	0.754	11.0	14.0	-1.807	-0.673	H	1.538	-0.055	1.502	0.44	2.897	VDW
7z9e	A	27	 	E	-	0.129	19	14	-1.212	2.164	H	1.357	-1.453	1.477	0.113	-0.837	A	257	 	S	-	0.131	20.0	21.0	-0.755	2.177	H	-0.228	1.399	-4.76	0.67	-2.647	
7z9e	A	36	 	Q	-	0.061	24	17	-1.437	2.542	H	0.931	-0.179	-3.005	-0.503	-1.853	A	39	 	G	S	0.0	25.0	14.0	-2.543	-3.128	H	-0.384	1.652	1.33	1.045	2.064	
7z9e	A	177	 	K	E	0.283	16	22	-1.801	2.286	H	1.831	-0.561	0.533	-0.277	1.648	A	320	 	E	H	0.407	8.0	9.0	-1.39	-0.561	H	1.357	-1.453	1.477	0.113	-0.837	IONIC
7z9e	A	177	 	K	E	0.283	16	22	-1.801	2.286	H	1.831	-0.561	0.533	-0.277	1.648	A	320	 	E	H	0.407	8.0	9.0	-1.39	-0.561	H	1.357	-1.453	1.477	0.113	-0.837	HBOND
7z9e	A	258	 	P	H	0.588	11	18	-0.935	-0.614	H	0.189	2.081	-1.628	0.421	-1.392	A	261	 	M	H	0.122	14.0	15.0	-1.073	-0.693	H	-0.663	-1.524	2.219	-1.005	1.212	
7z9e	A	187	 	I	E	0.266	16	16	-1.811	-0.148	H	-1.239	-0.547	2.131	0.393	0.816	A	199	 	L	T	0.555	13.0	13.0	-1.005	2.209	H	-1.019	-0.987	-1.505	1.266	-0.912	VDW
7z9e	A	90	 	P	-	0.426	2	24	-1.255	2.769	H	0.189	2.081	-1.628	0.421	-1.392	A	93	 	C	-	0.163	16.0	5.0	-1.143	2.783	H	-1.343	0.465	-0.862	-1.02	-0.255	HBOND
7z9e	A	90	 	P	-	0.426	2	24	-1.255	2.769	H	0.189	2.081	-1.628	0.421	-1.392	A	93	 	C	-	0.163	16.0	5.0	-1.143	2.783	H	-1.343	0.465	-0.862	-1.02	-0.255	VDW
7z9e	A	150	 	A	-	0.047	19	3	-1.094	2.244	H	-0.591	-1.302	-0.733	1.57	-0.146	A	156	 	L	H	0.006	15.0	19.0	-1.042	-0.799	H	-1.019	-0.987	-1.505	1.266	-0.912	
7z9e	A	170	 	F	-	0.005	27	9	-1.014	2.493	H	-1.006	-0.59	1.891	-0.397	0.412	A	289	 	C	E	0.0	27.0	19.0	-2.005	2.46	H	-1.343	0.465	-0.862	-1.02	-0.255	VDW
7z9e	A	173	 	V	E	0.0	18	24	-2.226	2.127	H	-1.337	-0.279	-0.544	1.242	-1.262	A	190	 	A	E	0.057	20.0	16.0	-1.934	2.146	H	-0.591	-1.302	-0.733	1.57	-0.146	HBOND
7z9e	A	204	 	P	-	0.5	3	14	-1.114	2.685	H	0.189	2.081	-1.628	0.421	-1.392	A	207	 	D	G	0.417	11.0	17.0	-1.147	-0.479	H	1.05	0.302	-3.656	-0.259	-3.242	HBOND
7z9e	A	154	 	R	H	0.69	1	22	-1.08	-0.85	H	1.538	-0.055	1.502	0.44	2.897	A	157	 	A	H	0.009	16.0	24.0	-1.069	-0.796	H	-0.591	-1.302	-0.733	1.57	-0.146	VDW
7z9e	A	64	 	Q	S	0.333	8	11	-2.37	2.518	H	0.931	-0.179	-3.005	-0.503	-1.853	A	72	 	Q	-	0.303	14.0	11.0	-1.283	2.773	H	0.931	-0.179	-3.005	-0.503	-1.853	HBOND
7z9e	A	301	 	L	H	0.274	13	10	-1.129	-0.599	H	-1.019	-0.987	-1.505	1.266	-0.912	A	305	 	L	H	0.0	24.0	15.0	-1.142	-0.632	H	-1.019	-0.987	-1.505	1.266	-0.912	HBOND
7z9e	A	301	 	L	H	0.274	13	10	-1.129	-0.599	H	-1.019	-0.987	-1.505	1.266	-0.912	A	305	 	L	H	0.0	24.0	15.0	-1.142	-0.632	H	-1.019	-0.987	-1.505	1.266	-0.912	VDW
7z9e	A	279	 	V	E	0.176	16	10	-2.197	2.132	H	-1.337	-0.279	-0.544	1.242	-1.262	A	282	 	Q	E	0.747	8.0	16.0	-1.99	2.542	H	0.931	-0.179	-3.005	-0.503	-1.853	HBOND
7z9e	A	125	 	E	E	0.026	20	21	-1.945	2.221	H	1.357	-1.453	1.477	0.113	-0.837	A	253	 	L	T	0.0	23.0	20.0	-1.462	-0.171	H	-1.019	-0.987	-1.505	1.266	-0.912	HBOND
7z9e	A	269	 	V	-	0.063	18	12	-1.842	2.088	H	-1.337	-0.279	-0.544	1.242	-1.262	A	290	 	H	E	0.109	16.0	25.0	-2.253	2.571	H	0.336	-0.417	-1.673	-1.474	-0.078	
7z9e	A	144	 	M	H	0.245	12	16	-0.995	-0.804	H	-0.663	-1.524	2.219	-1.005	1.212	A	147	 	L	H	0.03	20.0	15.0	-1.02	-0.838	H	-1.019	-0.987	-1.505	1.266	-0.912	
7z9e	A	97	 	L	-	0.457	12	12	-1.139	2.29	H	-1.019	-0.987	-1.505	1.266	-0.912	A	116	 	H	E	0.016	12.0	27.0	-2.363	2.827	H	0.336	-0.417	-1.673	-1.474	-0.078	
7z9e	A	308	 	L	H	0.049	23	15	-1.082	-0.688	H	-1.019	-0.987	-1.505	1.266	-0.912	A	312	 	L	H	0.006	24.0	17.0	-1.048	-0.742	H	-1.019	-0.987	-1.505	1.266	-0.912	HBOND
7z9e	A	308	 	L	H	0.049	23	15	-1.082	-0.688	H	-1.019	-0.987	-1.505	1.266	-0.912	A	312	 	L	H	0.006	24.0	17.0	-1.048	-0.742	H	-1.019	-0.987	-1.505	1.266	-0.912	VDW
7z9e	A	197	 	A	-	0.368	5	13	-1.177	2.391	H	-0.591	-1.302	-0.733	1.57	-0.146	A	201	 	H	-	0.473	7.0	12.0	-1.271	2.445	H	0.336	-0.417	-1.673	-1.474	-0.078	
7z9e	A	53	 	Q	E	0.0	22	20	-2.323	2.629	H	0.931	-0.179	-3.005	-0.503	-1.853	A	235	 	D	E	0.38	9.0	22.0	-2.344	2.48	H	1.05	0.302	-3.656	-0.259	-3.242	VDW
7z9e	A	10	 	P	-	0.493	7	15	-1.078	2.621	H	0.189	2.081	-1.628	0.421	-1.392	A	16	 	G	-	0.131	15.0	2.0	-1.271	2.766	H	-0.384	1.652	1.33	1.045	2.064	VDW
7z9e	A	315	 	Q	H	0.227	21	13	-1.184	-0.658	H	0.931	-0.179	-3.005	-0.503	-1.853	A	318	 	V	H	0.57	11.0	9.0	-1.094	-0.905	H	-1.337	-0.279	-0.544	1.242	-1.262	
7z9e	A	158	 	E	H	0.418	6	24	-1.11	-0.846	H	1.357	-1.453	1.477	0.113	-0.837	A	162	 	Q	H	0.399	8.0	22.0	-1.179	-0.707	H	0.931	-0.179	-3.005	-0.503	-1.853	HBOND
7z9e	A	158	 	E	H	0.418	6	24	-1.11	-0.846	H	1.357	-1.453	1.477	0.113	-0.837	A	162	 	Q	H	0.399	8.0	22.0	-1.179	-0.707	H	0.931	-0.179	-3.005	-0.503	-1.853	VDW
7z9e	A	239	 	N	E	0.038	17	13	-1.118	2.044	H	0.945	0.828	1.299	-0.169	0.933	A	244	 	A	E	0.349	3.0	14.0	-2.41	2.838	H	-0.591	-1.302	-0.733	1.57	-0.146	HBOND
7z9e	A	275	 	V	E	0.014	21	22	-2.13	2.266	H	-1.337	-0.279	-0.544	1.242	-1.262	A	287	 	I	E	0.024	26.0	23.0	-1.43	1.904	H	-1.239	-0.547	2.131	0.393	0.816	HBOND
7z9e	A	275	 	V	E	0.014	21	22	-2.13	2.266	H	-1.337	-0.279	-0.544	1.242	-1.262	A	287	 	I	E	0.024	26.0	23.0	-1.43	1.904	H	-1.239	-0.547	2.131	0.393	0.816	VDW
7z9e	A	35	 	I	E	0.0	23	21	-2.301	2.991	H	-1.239	-0.547	2.131	0.393	0.816	A	231	 	A	-	0.5	13.0	16.0	-1.125	2.556	H	-0.591	-1.302	-0.733	1.57	-0.146	
7z9e	A	110	 	H	-	0.56	9	10	-2.462	2.719	H	0.336	-0.417	-1.673	-1.474	-0.078	A	129	 	T	-	0.148	15.0	9.0	-2.16	2.741	H	-0.032	0.326	2.213	0.908	1.313	VDW
7z9e	A	35	 	I	E	0.0	23	21	-2.301	2.991	H	-1.239	-0.547	2.131	0.393	0.816	A	39	 	G	S	0.0	25.0	14.0	-2.543	-3.128	H	-0.384	1.652	1.33	1.045	2.064	
7z9e	A	205	 	A	G	0.264	7	15	-0.939	-0.672	H	-0.591	-1.302	-0.733	1.57	-0.146	A	213	 	R	H	0.254	15.0	19.0	-0.999	-0.723	H	1.538	-0.055	1.502	0.44	2.897	
7z9e	A	38	 	H	T	0.168	18	18	-1.426	-0.032	H	0.336	-0.417	-1.673	-1.474	-0.078	A	61	 	F	H	0.122	21.0	10.0	-1.823	-0.553	H	-1.006	-0.59	1.891	-0.397	0.412	
7z9e	A	46	 	G	T	0.119	17	17	-1.263	-0.227	H	-0.384	1.652	1.33	1.045	2.064	A	117	 	R	E	0.04	18.0	20.0	-1.928	2.3	H	1.538	-0.055	1.502	0.44	2.897	HBOND
7z9e	A	46	 	G	T	0.119	17	17	-1.263	-0.227	H	-0.384	1.652	1.33	1.045	2.064	A	117	 	R	E	0.04	18.0	20.0	-1.928	2.3	H	1.538	-0.055	1.502	0.44	2.897	VDW
7z9e	A	53	 	Q	E	0.0	22	20	-2.323	2.629	H	0.931	-0.179	-3.005	-0.503	-1.853	A	238	 	L	E	0.226	8.0	19.0	-1.642	2.501	H	-1.019	-0.987	-1.505	1.266	-0.912	
7z9e	A	51	 	V	E	0.0	20	17	-1.264	2.043	H	-1.337	-0.279	-0.544	1.242	-1.262	A	71	 	G	T	0.5	3.0	22.0	1.548	-0.26	L	-0.384	1.652	1.33	1.045	2.064	HBOND
7z9e	A	248	 	L	-	0.0	25	16	-2.041	0.158	H	-1.019	-0.987	-1.505	1.266	-0.912	A	251	 	A	-	0.038	28.0	17.0	-1.844	1.998	H	-0.591	-1.302	-0.733	1.57	-0.146	HBOND
7z9e	A	163	 	T	H	0.162	22	15	-1.059	-0.885	H	-0.032	0.326	2.213	0.908	1.313	A	167	 	L	H	0.305	20.0	7.0	-1.13	-0.717	H	-1.019	-0.987	-1.505	1.266	-0.912	HBOND
7z9e	A	81	 	Q	T	0.141	16	10	-1.797	-0.486	H	0.931	-0.179	-3.005	-0.503	-1.853	A	103	 	L	E	0.11	19.0	6.0	-1.704	2.398	H	-1.019	-0.987	-1.505	1.266	-0.912	
7z9e	A	155	 	A	H	0.17	8	16	-1.076	-0.696	H	-0.591	-1.302	-0.733	1.57	-0.146	A	159	 	V	H	0.303	18.0	16.0	-1.068	-0.767	H	-1.337	-0.279	-0.544	1.242	-1.262	HBOND
7z9e	A	146	 	A	H	0.34	14	12	-0.962	-0.872	H	-0.591	-1.302	-0.733	1.57	-0.146	A	149	 	S	H	0.508	6.0	13.0	-1.453	-0.204	H	-0.228	1.399	-4.76	0.67	-2.647	
7z9e	A	162	 	Q	H	0.399	8	22	-1.179	-0.707	H	0.931	-0.179	-3.005	-0.503	-1.853	A	165	 	R	H	0.202	16.0	15.0	-1.115	-0.709	H	1.538	-0.055	1.502	0.44	2.897	
7z9e	A	45	 	D	E	0.202	14	20	-1.09	2.303	H	1.05	0.302	-3.656	-0.259	-3.242	A	48	 	S	T	0.331	9.0	12.0	-1.436	-0.462	H	-0.228	1.399	-4.76	0.67	-2.647	HBOND
7z9e	A	45	 	D	E	0.202	14	20	-1.09	2.303	H	1.05	0.302	-3.656	-0.259	-3.242	A	48	 	S	T	0.331	9.0	12.0	-1.436	-0.462	H	-0.228	1.399	-4.76	0.67	-2.647	VDW
7z9e	A	12	 	L	G	0.683	10	13	-1.111	-0.489	H	-1.019	-0.987	-1.505	1.266	-0.912	A	17	 	P	-	0.441	9.0	9.0	-1.336	2.761	H	0.189	2.081	-1.628	0.421	-1.392	
7z9e	A	176	 	Y	E	0.099	19	19	-1.823	1.943	H	0.26	0.83	3.097	-0.838	1.512	A	203	 	F	E	0.213	14.0	8.0	-2.41	2.557	H	-1.006	-0.59	1.891	-0.397	0.412	PIPISTACK
7z9e	A	273	 	L	E	0.018	23	20	-2.632	2.393	H	-1.019	-0.987	-1.505	1.266	-0.912	A	289	 	C	E	0.0	27.0	19.0	-2.005	2.46	H	-1.343	0.465	-0.862	-1.02	-0.255	HBOND
7z9e	A	273	 	L	E	0.018	23	20	-2.632	2.393	H	-1.019	-0.987	-1.505	1.266	-0.912	A	289	 	C	E	0.0	27.0	19.0	-2.005	2.46	H	-1.343	0.465	-0.862	-1.02	-0.255	VDW
7z9e	A	66	 	P	H	0.154	12	17	-0.869	-0.746	H	0.189	2.081	-1.628	0.421	-1.392	A	69	 	L	H	0.018	22.0	9.0	-1.12	-0.704	H	-1.019	-0.987	-1.505	1.266	-0.912	
7z9e	A	198	 	F	-	0.091	18	5	-1.889	-0.027	H	-1.006	-0.59	1.891	-0.397	0.412	A	201	 	H	-	0.473	7.0	12.0	-1.271	2.445	H	0.336	-0.417	-1.673	-1.474	-0.078	PIPISTACK
7z9e	A	198	 	F	-	0.091	18	5	-1.889	-0.027	H	-1.006	-0.59	1.891	-0.397	0.412	A	201	 	H	-	0.473	7.0	12.0	-1.271	2.445	H	0.336	-0.417	-1.673	-1.474	-0.078	HBOND
7z9e	A	198	 	F	-	0.091	18	5	-1.889	-0.027	H	-1.006	-0.59	1.891	-0.397	0.412	A	201	 	H	-	0.473	7.0	12.0	-1.271	2.445	H	0.336	-0.417	-1.673	-1.474	-0.078	VDW
7z9e	A	116	 	H	E	0.016	12	27	-2.363	2.827	H	0.336	-0.417	-1.673	-1.474	-0.078	A	123	 	I	E	0.0	19.0	28.0	-2.013	1.989	H	-1.239	-0.547	2.131	0.393	0.816	HBOND
7z9e	A	53	 	Q	E	0.0	22	20	-2.323	2.629	H	0.931	-0.179	-3.005	-0.503	-1.853	A	236	 	P	S	0.265	11.0	16.0	-1.09	2.663	H	0.189	2.081	-1.628	0.421	-1.392	HBOND
7z9e	A	53	 	Q	E	0.0	22	20	-2.323	2.629	H	0.931	-0.179	-3.005	-0.503	-1.853	A	236	 	P	S	0.265	11.0	16.0	-1.09	2.663	H	0.189	2.081	-1.628	0.421	-1.392	VDW
7z9e	A	156	 	L	H	0.006	15	19	-1.042	-0.799	H	-1.019	-0.987	-1.505	1.266	-0.912	A	160	 	A	H	0.047	27.0	19.0	-1.072	-0.85	H	-0.591	-1.302	-0.733	1.57	-0.146	HBOND
7z9e	A	306	 	E	H	0.216	9	18	-1.105	-0.778	H	1.357	-1.453	1.477	0.113	-0.837	A	310	 	R	H	0.496	7.0	21.0	-1.109	-0.78	H	1.538	-0.055	1.502	0.44	2.897	HBOND
7z9e	A	302	 	R	H	0.073	13	14	-1.121	-0.79	H	1.538	-0.055	1.502	0.44	2.897	A	305	 	L	H	0.0	24.0	15.0	-1.142	-0.632	H	-1.019	-0.987	-1.505	1.266	-0.912	VDW
7z9e	A	259	 	M	H	0.293	14	13	-1.146	-0.715	H	-0.663	-1.524	2.219	-1.005	1.212	A	263	 	F	H	0.462	10.0	12.0	-0.981	-0.793	H	-1.006	-0.59	1.891	-0.397	0.412	HBOND
7z9e	A	74	 	L	H	0.0	21	10	-1.164	-0.438	H	-1.019	-0.987	-1.505	1.266	-0.912	A	77	 	L	H	0.262	15.0	8.0	-1.363	-0.645	H	-1.019	-0.987	-1.505	1.266	-0.912	
7z9e	A	225	 	A	S	0.047	16	23	-1.235	-0.511	H	-0.591	-1.302	-0.733	1.57	-0.146	A	270	 	G	S	0.083	8.0	22.0	-1.594	-0.427	H	-0.384	1.652	1.33	1.045	2.064	
7z9e	A	222	 	R	E	0.089	21	19	-2.559	2.834	H	1.538	-0.055	1.502	0.44	2.897	A	273	 	L	E	0.018	23.0	20.0	-2.632	2.393	H	-1.019	-0.987	-1.505	1.266	-0.912	
7z9e	A	137	 	P	-	0.993	0	9		-0.378		0.189	2.081	-1.628	0.421	-1.392	A	141	 	R	H	0.569	2.0	14.0	-0.946	-0.848	H	1.538	-0.055	1.502	0.44	2.897	HBOND
7z9e	A	23	 	N	S	0.172	11	10	-2.526	0.631	H	0.945	0.828	1.299	-0.169	0.933	A	26	 	R	G	0.331	12.0	13.0	-1.703	-0.021	H	1.538	-0.055	1.502	0.44	2.897	HBOND
7z9e	A	99	 	Y	E	0.162	18	11	-1.8	2.262	H	0.26	0.83	3.097	-0.838	1.512	A	114	 	T	E	0.056	17.0	21.0	-2.145	2.206	H	-0.032	0.326	2.213	0.908	1.313	
7z9e	A	176	 	Y	E	0.099	19	19	-1.823	1.943	H	0.26	0.83	3.097	-0.838	1.512	A	285	 	G	E	0.0	19.0	19.0	3.116	-2.968	L	-0.384	1.652	1.33	1.045	2.064	
7z9e	A	270	 	G	S	0.083	8	22	-1.594	-0.427	H	-0.384	1.652	1.33	1.045	2.064	A	292	 	Q	S	0.657	5.0	22.0	-1.144	-0.745	H	0.931	-0.179	-3.005	-0.503	-1.853	VDW
7z9e	A	105	 	W	-	0.322	15	3	-2.268	2.511	H	-0.595	0.009	0.672	-2.128	-0.184	A	110	 	H	-	0.56	9.0	10.0	-2.462	2.719	H	0.336	-0.417	-1.673	-1.474	-0.078	
7z9e	A	11	 	P	-	0.081	16	11	-1.144	2.961	H	0.189	2.081	-1.628	0.421	-1.392	A	14	 	L	G	0.506	12.0	6.0	-2.092	0.596	H	-1.019	-0.987	-1.505	1.266	-0.912	HBOND
7z9e	A	171	 	D	S	0.049	15	19	-1.034	-0.658	H	1.05	0.302	-3.656	-0.259	-3.242	A	291	 	H	E	0.174	18.0	17.0	-2.215	2.472	H	0.336	-0.417	-1.673	-1.474	-0.078	IONIC
7z9e	A	171	 	D	S	0.049	15	19	-1.034	-0.658	H	1.05	0.302	-3.656	-0.259	-3.242	A	291	 	H	E	0.174	18.0	17.0	-2.215	2.472	H	0.336	-0.417	-1.673	-1.474	-0.078	HBOND
7z9e	A	171	 	D	S	0.049	15	19	-1.034	-0.658	H	1.05	0.302	-3.656	-0.259	-3.242	A	291	 	H	E	0.174	18.0	17.0	-2.215	2.472	H	0.336	-0.417	-1.673	-1.474	-0.078	VDW
7z9e	A	145	 	F	H	0.64	5	16	-1.146	-0.685	H	-1.006	-0.59	1.891	-0.397	0.412	A	149	 	S	H	0.508	6.0	13.0	-1.453	-0.204	H	-0.228	1.399	-4.76	0.67	-2.647	HBOND
7z9e	A	24	 	C	G	0.2	11	16	-0.802	-0.818	H	-1.343	0.465	-0.862	-1.02	-0.255	A	211	 	Q	H	0.091	13.0	13.0	-1.252	-0.546	H	0.931	-0.179	-3.005	-0.503	-1.853	HBOND
7z9e	A	234	 	L	E	0.0	24	13	-1.653	2.18	H	-1.019	-0.987	-1.505	1.266	-0.912	A	237	 	V	S	0.204	11.0	21.0	-1.342	-0.517	H	-1.337	-0.279	-0.544	1.242	-1.262	
7z9e	A	261	 	M	H	0.122	14	15	-1.073	-0.693	H	-0.663	-1.524	2.219	-1.005	1.212	A	265	 	R	H	0.387	9.0	15.0	-1.034	-0.723	H	1.538	-0.055	1.502	0.44	2.897	HBOND
7z9e	A	53	 	Q	E	0.0	22	20	-2.323	2.629	H	0.931	-0.179	-3.005	-0.503	-1.853	A	246	 	T	-	0.021	28.0	14.0	-1.405	2.053	H	-0.032	0.326	2.213	0.908	1.313	HBOND
7z9e	A	53	 	Q	E	0.0	22	20	-2.323	2.629	H	0.931	-0.179	-3.005	-0.503	-1.853	A	246	 	T	-	0.021	28.0	14.0	-1.405	2.053	H	-0.032	0.326	2.213	0.908	1.313	VDW
7z9e	A	7	 	P	-	1.0	1	10		2.356		0.189	2.081	-1.628	0.421	-1.392	A	26	 	R	G	0.331	12.0	13.0	-1.703	-0.021	H	1.538	-0.055	1.502	0.44	2.897	HBOND
7z9e	A	7	 	P	-	1.0	1	10		2.356		0.189	2.081	-1.628	0.421	-1.392	A	26	 	R	G	0.331	12.0	13.0	-1.703	-0.021	H	1.538	-0.055	1.502	0.44	2.897	VDW
7z9e	A	127	 	E	E	0.021	16	24	-2.603	2.632	H	1.357	-1.453	1.477	0.113	-0.837	A	302	 	R	H	0.073	13.0	14.0	-1.121	-0.79	H	1.538	-0.055	1.502	0.44	2.897	
7z9e	A	263	 	F	H	0.462	10	12	-0.981	-0.793	H	-1.006	-0.59	1.891	-0.397	0.412	A	266	 	N	H	0.904	5.0	9.0	-1.19	-0.355	H	0.945	0.828	1.299	-0.169	0.933	HBOND
7z9e	A	263	 	F	H	0.462	10	12	-0.981	-0.793	H	-1.006	-0.59	1.891	-0.397	0.412	A	266	 	N	H	0.904	5.0	9.0	-1.19	-0.355	H	0.945	0.828	1.299	-0.169	0.933	VDW
7z9e	A	56	 	L	T	0.524	9	23	-1.156	-0.252	H	-1.019	-0.987	-1.505	1.266	-0.912	A	233	 	P	E	0.412	8.0	23.0	-1.032	2.57	H	0.189	2.081	-1.628	0.421	-1.392	HBOND
7z9e	A	100	 	R	E	0.508	7	19	-2.207	2.35	H	1.538	-0.055	1.502	0.44	2.897	A	113	 	L	E	0.0	16.0	20.0	-1.912	2.19	H	-1.019	-0.987	-1.505	1.266	-0.912	VDW
7z9e	A	36	 	Q	-	0.061	24	17	-1.437	2.542	H	0.931	-0.179	-3.005	-0.503	-1.853	A	225	 	A	S	0.047	16.0	23.0	-1.235	-0.511	H	-0.591	-1.302	-0.733	1.57	-0.146	HBOND
7z9e	A	36	 	Q	-	0.061	24	17	-1.437	2.542	H	0.931	-0.179	-3.005	-0.503	-1.853	A	225	 	A	S	0.047	16.0	23.0	-1.235	-0.511	H	-0.591	-1.302	-0.733	1.57	-0.146	VDW
7z9e	A	271	 	S	E	0.015	13	25	-2.509	2.398	H	-0.228	1.399	-4.76	0.67	-2.647	A	295	 	Y	-	0.288	15.0	11.0	-2.868	2.109	H	0.26	0.83	3.097	-0.838	1.512	HBOND
7z9e	A	271	 	S	E	0.015	13	25	-2.509	2.398	H	-0.228	1.399	-4.76	0.67	-2.647	A	295	 	Y	-	0.288	15.0	11.0	-2.868	2.109	H	0.26	0.83	3.097	-0.838	1.512	VDW
7z9e	A	210	 	A	H	0.491	6	21	-1.027	-0.676	H	-0.591	-1.302	-0.733	1.57	-0.146	A	214	 	A	H	0.462	7.0	17.0	-1.125	-0.839	H	-0.591	-1.302	-0.733	1.57	-0.146	HBOND
7z9e	A	175	 	L	E	0.006	20	26	-1.832	1.982	H	-1.019	-0.987	-1.505	1.266	-0.912	A	188	 	A	E	0.019	14.0	18.0	-2.843	2.621	H	-0.591	-1.302	-0.733	1.57	-0.146	HBOND
7z9e	A	9	 	F	-	0.152	18	6	-1.089	2.727	H	-1.006	-0.59	1.891	-0.397	0.412	A	28	 	P	-	0.081	17.0	21.0	-1.415	1.249	H	0.189	2.081	-1.628	0.421	-1.392	
7z9e	A	305	 	L	H	0.0	24	15	-1.142	-0.632	H	-1.019	-0.987	-1.505	1.266	-0.912	A	308	 	L	H	0.049	23.0	15.0	-1.082	-0.688	H	-1.019	-0.987	-1.505	1.266	-0.912	
7z9e	A	178	 	F	E	0.102	20	12	-1.452	2.324	H	-1.006	-0.59	1.891	-0.397	0.412	A	283	 	L	E	0.159	21.0	13.0	-1.257	1.895	H	-1.019	-0.987	-1.505	1.266	-0.912	
7z9e	A	209	 	P	-	0.191	14	16	-1.181	2.94	H	0.189	2.081	-1.628	0.421	-1.392	A	212	 	A	H	0.057	15.0	19.0	-1.161	-0.861	H	-0.591	-1.302	-0.733	1.57	-0.146	HBOND
7z9e	A	215	 	L	H	0.11	18	11	-1.02	-0.736	H	-1.019	-0.987	-1.505	1.266	-0.912	A	219	 	H	S	0.196	15.0	14.0	-2.118	1.872	H	0.336	-0.417	-1.673	-1.474	-0.078	HBOND
7z9e	A	95	 	D	T	0.485	13	14	-1.298	-0.232	H	1.05	0.302	-3.656	-0.259	-3.242	A	219	 	H	S	0.196	15.0	14.0	-2.118	1.872	H	0.336	-0.417	-1.673	-1.474	-0.078	
7z9e	A	75	 	A	H	0.443	8	15	-1.026	-0.686	H	-0.591	-1.302	-0.733	1.57	-0.146	A	79	 	P	T	0.603	1.0	14.0	-1.078	-0.595	H	0.189	2.081	-1.628	0.421	-1.392	VDW
7z9e	A	116	 	H	E	0.016	12	27	-2.363	2.827	H	0.336	-0.417	-1.673	-1.474	-0.078	A	250	 	G	T	0.226	16.0	19.0	-1.607	0.129	H	-0.384	1.652	1.33	1.045	2.064	
7z9e	A	220	 	L	-	0.36	16	23	-1.605	-0.065	H	-1.019	-0.987	-1.505	1.266	-0.912	A	275	 	V	E	0.014	21.0	22.0	-2.13	2.266	H	-1.337	-0.279	-0.544	1.242	-1.262	VDW
7z9e	A	298	 	P	-	0.118	9	16	-0.888	2.431	H	0.189	2.081	-1.628	0.421	-1.392	A	302	 	R	H	0.073	13.0	14.0	-1.121	-0.79	H	1.538	-0.055	1.502	0.44	2.897	HBOND
7z9e	A	162	 	Q	H	0.399	8	22	-1.179	-0.707	H	0.931	-0.179	-3.005	-0.503	-1.853	A	166	 	E	H	0.732	8.0	15.0	-1.138	-0.699	H	1.357	-1.453	1.477	0.113	-0.837	HBOND
7z9e	A	162	 	Q	H	0.399	8	22	-1.179	-0.707	H	0.931	-0.179	-3.005	-0.503	-1.853	A	166	 	E	H	0.732	8.0	15.0	-1.138	-0.699	H	1.357	-1.453	1.477	0.113	-0.837	VDW
7z9e	A	41	 	L	E	0.0	23	24	-2.283	2.342	H	-1.019	-0.987	-1.505	1.266	-0.912	A	55	 	S	E	0.0	24.0	18.0	-1.079	2.489	H	-0.228	1.399	-4.76	0.67	-2.647	HBOND
7z9e	A	223	 	L	E	0.098	21	22	-2.751	2.735	H	-1.019	-0.987	-1.505	1.266	-0.912	A	272	 	S	E	0.162	18.0	23.0	-2.41	2.536	H	-0.228	1.399	-4.76	0.67	-2.647	VDW
7z9e	A	43	 	T	E	0.0	21	28	-2.059	2.577	H	-0.032	0.326	2.213	0.908	1.313	A	52	 	L	E	0.073	19.0	19.0	-1.735	-0.718	H	-1.019	-0.987	-1.505	1.266	-0.912	HBOND
7z9e	A	43	 	T	E	0.0	21	28	-2.059	2.577	H	-0.032	0.326	2.213	0.908	1.313	A	52	 	L	E	0.073	19.0	19.0	-1.735	-0.718	H	-1.019	-0.987	-1.505	1.266	-0.912	VDW
7z9e	A	112	 	S	E	0.085	12	18	-1.349	2.201	H	-0.228	1.399	-4.76	0.67	-2.647	A	125	 	E	E	0.026	20.0	21.0	-1.945	2.221	H	1.357	-1.453	1.477	0.113	-0.837	
7z9e	A	174	 	M	E	0.053	20	21	-2.012	2.638	H	-0.663	-1.524	2.219	-1.005	1.212	A	288	 	A	E	0.123	16.0	29.0	-2.008	2.091	H	-0.591	-1.302	-0.733	1.57	-0.146	HBOND
7z9e	A	174	 	M	E	0.053	20	21	-2.012	2.638	H	-0.663	-1.524	2.219	-1.005	1.212	A	288	 	A	E	0.123	16.0	29.0	-2.008	2.091	H	-0.591	-1.302	-0.733	1.57	-0.146	VDW
7z9e	A	277	 	V	E	0.0	18	22	-1.843	1.964	H	-1.337	-0.279	-0.544	1.242	-1.262	A	285	 	G	E	0.0	19.0	19.0	3.116	-2.968	L	-0.384	1.652	1.33	1.045	2.064	HBOND
7z9e	A	20	 	T	-	0.465	2	15	-2.204	3.024	H	-0.032	0.326	2.213	0.908	1.313	A	24	 	C	G	0.2	11.0	16.0	-0.802	-0.818	H	-1.343	0.465	-0.862	-1.02	-0.255	
7z9e	A	183	 	T	-	0.162	6	17	-1.125	2.778	H	-0.032	0.326	2.213	0.908	1.313	A	203	 	F	E	0.213	14.0	8.0	-2.41	2.557	H	-1.006	-0.59	1.891	-0.397	0.412	
7z9e	A	114	 	T	E	0.056	17	21	-2.145	2.206	H	-0.032	0.326	2.213	0.908	1.313	A	125	 	E	E	0.026	20.0	21.0	-1.945	2.221	H	1.357	-1.453	1.477	0.113	-0.837	HBOND
7z9e	A	27	 	E	-	0.129	19	14	-1.212	2.164	H	1.357	-1.453	1.477	0.113	-0.837	A	258	 	P	H	0.588	11.0	18.0	-0.935	-0.614	H	0.189	2.081	-1.628	0.421	-1.392	
7z9e	A	35	 	I	E	0.0	23	21	-2.301	2.991	H	-1.239	-0.547	2.131	0.393	0.816	A	232	 	V	E	0.141	15.0	12.0	-1.728	2.051	H	-1.337	-0.279	-0.544	1.242	-1.262	HBOND
7z9e	A	227	 	T	T	0.028	19	17	-1.232	-0.103	H	-0.032	0.326	2.213	0.908	1.313	A	265	 	R	H	0.387	9.0	15.0	-1.034	-0.723	H	1.538	-0.055	1.502	0.44	2.897	HBOND
7z9e	A	39	 	G	S	0.0	25	14	-2.543	-3.128	H	-0.384	1.652	1.33	1.045	2.064	A	57	 	N	T	0.14	16.0	16.0	-1.646	0.116	H	0.945	0.828	1.299	-0.169	0.933	HBOND
7z9e	A	261	 	M	H	0.122	14	15	-1.073	-0.693	H	-0.663	-1.524	2.219	-1.005	1.212	A	264	 	L	H	0.085	24.0	7.0	-1.136	-0.789	H	-1.019	-0.987	-1.505	1.266	-0.912	
7z9e	A	206	 	S	G	0.531	8	18	-1.076	-0.368	H	-0.228	1.399	-4.76	0.67	-2.647	A	209	 	P	-	0.191	14.0	16.0	-1.181	2.94	H	0.189	2.081	-1.628	0.421	-1.392	
7z9e	A	212	 	A	H	0.057	15	19	-1.161	-0.861	H	-0.591	-1.302	-0.733	1.57	-0.146	A	216	 	Y	H	0.167	20.0	11.0	-1.273	-0.185	H	0.26	0.83	3.097	-0.838	1.512	
7z9e	A	313	 	S	H	0.085	18	18	-0.936	-0.846	H	-0.228	1.399	-4.76	0.67	-2.647	A	317	 	Q	H	0.485	12.0	12.0	-1.006	-0.794	H	0.931	-0.179	-3.005	-0.503	-1.853	HBOND
7z9e	A	214	 	A	H	0.462	7	17	-1.125	-0.839	H	-0.591	-1.302	-0.733	1.57	-0.146	A	217	 	T	H	0.359	11.0	16.0	-1.391	-0.449	H	-0.032	0.326	2.213	0.908	1.313	VDW
7z9e	A	168	 	T	H	0.028	25	6	-1.806	-0.513	H	-0.032	0.326	2.213	0.908	1.313	A	295	 	Y	-	0.288	15.0	11.0	-2.868	2.109	H	0.26	0.83	3.097	-0.838	1.512	
7z9e	A	54	 	M	E	0.037	18	25	-2.453	2.262	H	-0.663	-1.524	2.219	-1.005	1.212	A	66	 	P	H	0.154	12.0	17.0	-0.869	-0.746	H	0.189	2.081	-1.628	0.421	-1.392	
7z9e	A	224	 	T	E	0.056	23	19	-2.195	1.847	H	-0.032	0.326	2.213	0.908	1.313	A	271	 	S	E	0.015	13.0	25.0	-2.509	2.398	H	-0.228	1.399	-4.76	0.67	-2.647	
7z9e	A	186	 	V	E	0.007	14	17	-1.343	1.942	H	-1.337	-0.279	-0.544	1.242	-1.262	A	200	 	G	T	0.488	1.0	15.0	1.468	-0.133	L	-0.384	1.652	1.33	1.045	2.064	HBOND
7z9e	A	68	 	V	H	0.528	7	12	-1.559	-0.696	H	-1.337	-0.279	-0.544	1.242	-1.262	A	72	 	Q	-	0.303	14.0	11.0	-1.283	2.773	H	0.931	-0.179	-3.005	-0.503	-1.853	HBOND
7z9e	A	20	 	T	-	0.465	2	15	-2.204	3.024	H	-0.032	0.326	2.213	0.908	1.313	A	23	 	N	S	0.172	11.0	10.0	-2.526	0.631	H	0.945	0.828	1.299	-0.169	0.933	HBOND
7z9e	A	20	 	T	-	0.465	2	15	-2.204	3.024	H	-0.032	0.326	2.213	0.908	1.313	A	23	 	N	S	0.172	11.0	10.0	-2.526	0.631	H	0.945	0.828	1.299	-0.169	0.933	VDW
7z9e	A	165	 	R	H	0.202	16	15	-1.115	-0.709	H	1.538	-0.055	1.502	0.44	2.897	A	169	 	G	-	0.536	6.0	20.0	1.268	0.157	L	-0.384	1.652	1.33	1.045	2.064	HBOND
7z9e	A	222	 	R	E	0.089	21	19	-2.559	2.834	H	1.538	-0.055	1.502	0.44	2.897	A	276	 	S	E	0.023	16.0	24.0	-1.182	2.414	H	-0.228	1.399	-4.76	0.67	-2.647	HBOND
7z9e	A	130	 	E	-	0.954	6	9	-1.444			1.357	-1.453	1.477	0.113	-0.837	A	298	 	P	-	0.118	9.0	16.0	-0.888	2.431	H	0.189	2.081	-1.628	0.421	-1.392	VDW
7z9e	A	82	 	W	H	0.101	14	16	-0.951	-0.902	H	-0.595	0.009	0.672	-2.128	-0.184	A	85	 	L	H	0.0	21.0	11.0	-1.04	-0.881	H	-1.019	-0.987	-1.505	1.266	-0.912	
7z9e	A	219	 	H	S	0.196	15	14	-2.118	1.872	H	0.336	-0.417	-1.673	-1.474	-0.078	A	222	 	R	E	0.089	21.0	19.0	-2.559	2.834	H	1.538	-0.055	1.502	0.44	2.897	HBOND
7z9e	A	189	 	E	E	0.134	22	17	-2.733	2.569	H	1.357	-1.453	1.477	0.113	-0.837	A	197	 	A	-	0.368	5.0	13.0	-1.177	2.391	H	-0.591	-1.302	-0.733	1.57	-0.146	
7z9e	A	171	 	D	S	0.049	15	19	-1.034	-0.658	H	1.05	0.302	-3.656	-0.259	-3.242	A	192	 	R	-	0.423	10.0	11.0	-0.953	2.567	H	1.538	-0.055	1.502	0.44	2.897	HBOND
7z9e	A	171	 	D	S	0.049	15	19	-1.034	-0.658	H	1.05	0.302	-3.656	-0.259	-3.242	A	192	 	R	-	0.423	10.0	11.0	-0.953	2.567	H	1.538	-0.055	1.502	0.44	2.897	VDW
7z9e	A	103	 	L	E	0.11	19	6	-1.704	2.398	H	-1.019	-0.987	-1.505	1.266	-0.912	A	111	 	L	E	0.037	15.0	13.0	-2.058	2.103	H	-1.019	-0.987	-1.505	1.266	-0.912	HBOND
7z9e	A	262	 	Q	H	0.475	5	18	-1.153	-0.759	H	0.931	-0.179	-3.005	-0.503	-1.853	A	265	 	R	H	0.387	9.0	15.0	-1.034	-0.723	H	1.538	-0.055	1.502	0.44	2.897	HBOND
7z9e	A	262	 	Q	H	0.475	5	18	-1.153	-0.759	H	0.931	-0.179	-3.005	-0.503	-1.853	A	265	 	R	H	0.387	9.0	15.0	-1.034	-0.723	H	1.538	-0.055	1.502	0.44	2.897	VDW
7z9e	A	170	 	F	-	0.005	27	9	-1.014	2.493	H	-1.006	-0.59	1.891	-0.397	0.412	A	290	 	H	E	0.109	16.0	25.0	-2.253	2.571	H	0.336	-0.417	-1.673	-1.474	-0.078	VDW
7z9e	A	300	 	D	H	0.663	6	18	-1.148	-0.715	H	1.05	0.302	-3.656	-0.259	-3.242	A	304	 	T	H	0.289	15.0	11.0	-1.03	-0.797	H	-0.032	0.326	2.213	0.908	1.313	
7z9e	A	182	 	A	S	0.151	11	14	1.211	0.152	L	-0.591	-1.302	-0.733	1.57	-0.146	A	205	 	A	G	0.264	7.0	15.0	-0.939	-0.672	H	-0.591	-1.302	-0.733	1.57	-0.146	VDW
7z9e	A	69	 	L	H	0.018	22	9	-1.12	-0.704	H	-1.019	-0.987	-1.505	1.266	-0.912	A	72	 	Q	-	0.303	14.0	11.0	-1.283	2.773	H	0.931	-0.179	-3.005	-0.503	-1.853	HBOND
7z9e	A	33	 	G	S	0.095	13	28	1.152	0.496	L	-0.384	1.652	1.33	1.045	2.064	A	234	 	L	E	0.0	24.0	13.0	-1.653	2.18	H	-1.019	-0.987	-1.505	1.266	-0.912	HBOND
7z9e	A	33	 	G	S	0.095	13	28	1.152	0.496	L	-0.384	1.652	1.33	1.045	2.064	A	234	 	L	E	0.0	24.0	13.0	-1.653	2.18	H	-1.019	-0.987	-1.505	1.266	-0.912	VDW
7z9e	A	222	 	R	E	0.089	21	19	-2.559	2.834	H	1.538	-0.055	1.502	0.44	2.897	A	274	 	S	E	0.108	14.0	26.0	-2.414	2.663	H	-0.228	1.399	-4.76	0.67	-2.647	HBOND
7z9e	A	222	 	R	E	0.089	21	19	-2.559	2.834	H	1.538	-0.055	1.502	0.44	2.897	A	274	 	S	E	0.108	14.0	26.0	-2.414	2.663	H	-0.228	1.399	-4.76	0.67	-2.647	VDW
7z9e	A	184	 	G	E	0.012	18	13	-2.148	2.672	H	-0.384	1.652	1.33	1.045	2.064	A	202	 	R	E	0.593	7.0	13.0	-2.006	2.659	H	1.538	-0.055	1.502	0.44	2.897	
7z9e	A	184	 	G	E	0.012	18	13	-2.148	2.672	H	-0.384	1.652	1.33	1.045	2.064	A	203	 	F	E	0.213	14.0	8.0	-2.41	2.557	H	-1.006	-0.59	1.891	-0.397	0.412	HBOND
7z9e	A	99	 	Y	E	0.162	18	11	-1.8	2.262	H	0.26	0.83	3.097	-0.838	1.512	A	115	 	V	E	0.0	21.0	18.0	-2.216	2.392	H	-1.337	-0.279	-0.544	1.242	-1.262	HBOND
7z9e	A	176	 	Y	E	0.099	19	19	-1.823	1.943	H	0.26	0.83	3.097	-0.838	1.512	A	286	 	L	E	0.03	21.0	25.0	-2.371	2.485	H	-1.019	-0.987	-1.505	1.266	-0.912	HBOND
7z9e	A	216	 	Y	H	0.167	20	11	-1.273	-0.185	H	0.26	0.83	3.097	-0.838	1.512	A	276	 	S	E	0.023	16.0	24.0	-1.182	2.414	H	-0.228	1.399	-4.76	0.67	-2.647	HBOND
7z9e	A	85	 	L	H	0.0	21	11	-1.04	-0.881	H	-1.019	-0.987	-1.505	1.266	-0.912	A	89	 	L	S	0.0	24.0	8.0	-2.21	1.19	H	-1.019	-0.987	-1.505	1.266	-0.912	HBOND
7z9e	A	160	 	A	H	0.047	27	19	-1.072	-0.85	H	-0.591	-1.302	-0.733	1.57	-0.146	A	164	 	V	H	0.021	30.0	14.0	-1.091	-0.685	H	-1.337	-0.279	-0.544	1.242	-1.262	HBOND
7z9e	A	185	 	E	E	0.34	6	24	-2.483	2.405	H	1.357	-1.453	1.477	0.113	-0.837	A	201	 	H	-	0.473	7.0	12.0	-1.271	2.445	H	0.336	-0.417	-1.673	-1.474	-0.078	
7z9e	A	27	 	E	-	0.129	19	14	-1.212	2.164	H	1.357	-1.453	1.477	0.113	-0.837	A	211	 	Q	H	0.091	13.0	13.0	-1.252	-0.546	H	0.931	-0.179	-3.005	-0.503	-1.853	HBOND
7z9e	A	27	 	E	-	0.129	19	14	-1.212	2.164	H	1.357	-1.453	1.477	0.113	-0.837	A	211	 	Q	H	0.091	13.0	13.0	-1.252	-0.546	H	0.931	-0.179	-3.005	-0.503	-1.853	VDW
7z9e	A	157	 	A	H	0.009	16	24	-1.069	-0.796	H	-0.591	-1.302	-0.733	1.57	-0.146	A	160	 	A	H	0.047	27.0	19.0	-1.072	-0.85	H	-0.591	-1.302	-0.733	1.57	-0.146	
7z9e	A	142	 	N	H	0.669	2	12	-1.155	-0.586	H	0.945	0.828	1.299	-0.169	0.933	A	146	 	A	H	0.34	14.0	12.0	-0.962	-0.872	H	-0.591	-1.302	-0.733	1.57	-0.146	HBOND
7z9e	A	164	 	V	H	0.021	30	14	-1.091	-0.685	H	-1.337	-0.279	-0.544	1.242	-1.262	A	167	 	L	H	0.305	20.0	7.0	-1.13	-0.717	H	-1.019	-0.987	-1.505	1.266	-0.912	VDW
7z9e	A	36	 	Q	-	0.061	24	17	-1.437	2.542	H	0.931	-0.179	-3.005	-0.503	-1.853	A	253	 	L	T	0.0	23.0	20.0	-1.462	-0.171	H	-1.019	-0.987	-1.505	1.266	-0.912	HBOND
7z9e	A	36	 	Q	-	0.061	24	17	-1.437	2.542	H	0.931	-0.179	-3.005	-0.503	-1.853	A	253	 	L	T	0.0	23.0	20.0	-1.462	-0.171	H	-1.019	-0.987	-1.505	1.266	-0.912	VDW
7z9e	A	144	 	M	H	0.245	12	16	-0.995	-0.804	H	-0.663	-1.524	2.219	-1.005	1.212	A	148	 	E	H	0.577	5.0	21.0	-1.016	-0.653	H	1.357	-1.453	1.477	0.113	-0.837	HBOND
7z9e	A	152	 	N	S	0.51	1	19	-2.732	2.983	H	0.945	0.828	1.299	-0.169	0.933	A	319	 	K	H	0.161	16.0	6.0	-1.235	-0.526	H	1.831	-0.561	0.533	-0.277	1.648	
7z9e	A	82	 	W	H	0.101	14	16	-0.951	-0.902	H	-0.595	0.009	0.672	-2.128	-0.184	A	86	 	Q	H	0.409	11.0	19.0	-1.002	-0.852	H	0.931	-0.179	-3.005	-0.503	-1.853	HBOND
7z9e	A	82	 	W	H	0.101	14	16	-0.951	-0.902	H	-0.595	0.009	0.672	-2.128	-0.184	A	86	 	Q	H	0.409	11.0	19.0	-1.002	-0.852	H	0.931	-0.179	-3.005	-0.503	-1.853	VDW
7z9e	A	159	 	V	H	0.303	18	16	-1.068	-0.767	H	-1.337	-0.279	-0.544	1.242	-1.262	A	162	 	Q	H	0.399	8.0	22.0	-1.179	-0.707	H	0.931	-0.179	-3.005	-0.503	-1.853	
7z9e	A	83	 	P	H	0.566	2	18	-0.956	-0.851	H	0.189	2.081	-1.628	0.421	-1.392	A	86	 	Q	H	0.409	11.0	19.0	-1.002	-0.852	H	0.931	-0.179	-3.005	-0.503	-1.853	
7z9e	A	186	 	V	E	0.007	14	17	-1.343	1.942	H	-1.337	-0.279	-0.544	1.242	-1.262	A	201	 	H	-	0.473	7.0	12.0	-1.271	2.445	H	0.336	-0.417	-1.673	-1.474	-0.078	HBOND
7z9e	A	186	 	V	E	0.007	14	17	-1.343	1.942	H	-1.337	-0.279	-0.544	1.242	-1.262	A	201	 	H	-	0.473	7.0	12.0	-1.271	2.445	H	0.336	-0.417	-1.673	-1.474	-0.078	VDW
7z9e	A	8	 	F	-	0.533	11	9	-1.101	2.435	H	-1.006	-0.59	1.891	-0.397	0.412	A	26	 	R	G	0.331	12.0	13.0	-1.703	-0.021	H	1.538	-0.055	1.502	0.44	2.897	
7z9e	A	44	 	A	E	0.0	24	16	-2.444	2.632	H	-0.591	-1.302	-0.733	1.57	-0.146	A	50	 	E	B	0.423	9.0	20.0	-1.057	2.231	H	1.357	-1.453	1.477	0.113	-0.837	
7z9e	A	42	 	L	E	0.024	26	27	-2.076	2.649	H	-1.019	-0.987	-1.505	1.266	-0.912	A	53	 	Q	E	0.0	22.0	20.0	-2.323	2.629	H	0.931	-0.179	-3.005	-0.503	-1.853	
7z9e	A	103	 	L	E	0.11	19	6	-1.704	2.398	H	-1.019	-0.987	-1.505	1.266	-0.912	A	110	 	H	-	0.56	9.0	10.0	-2.462	2.719	H	0.336	-0.417	-1.673	-1.474	-0.078	
7z9e	A	152	 	N	S	0.51	1	19	-2.732	2.983	H	0.945	0.828	1.299	-0.169	0.933	A	155	 	A	H	0.17	8.0	16.0	-1.076	-0.696	H	-0.591	-1.302	-0.733	1.57	-0.146	HBOND
7z9e	A	152	 	N	S	0.51	1	19	-2.732	2.983	H	0.945	0.828	1.299	-0.169	0.933	A	155	 	A	H	0.17	8.0	16.0	-1.076	-0.696	H	-0.591	-1.302	-0.733	1.57	-0.146	VDW
7z9e	A	260	 	A	H	0.406	16	15	-1.181	-0.721	H	-0.591	-1.302	-0.733	1.57	-0.146	A	263	 	F	H	0.462	10.0	12.0	-0.981	-0.793	H	-1.006	-0.59	1.891	-0.397	0.412	
7z9e	A	314	 	L	H	0.628	8	17	-1.104	-0.778	H	-1.019	-0.987	-1.505	1.266	-0.912	A	317	 	Q	H	0.485	12.0	12.0	-1.006	-0.794	H	0.931	-0.179	-3.005	-0.503	-1.853	VDW
7z9e	A	41	 	L	E	0.0	23	24	-2.283	2.342	H	-1.019	-0.987	-1.505	1.266	-0.912	A	124	 	L	E	0.0	24.0	23.0	-1.901	2.102	H	-1.019	-0.987	-1.505	1.266	-0.912	VDW
7z9e	A	304	 	T	H	0.289	15	11	-1.03	-0.797	H	-0.032	0.326	2.213	0.908	1.313	A	307	 	Y	H	0.392	9.0	15.0	-1.043	-0.833	H	0.26	0.83	3.097	-0.838	1.512	
7z9e	A	28	 	P	-	0.081	17	21	-1.415	1.249	H	0.189	2.081	-1.628	0.421	-1.392	A	31	 	I	-	0.112	16.0	19.0	-2.291	0.958	H	-1.239	-0.547	2.131	0.393	0.816	HBOND
7z9e	A	28	 	P	-	0.081	17	21	-1.415	1.249	H	0.189	2.081	-1.628	0.421	-1.392	A	31	 	I	-	0.112	16.0	19.0	-2.291	0.958	H	-1.239	-0.547	2.131	0.393	0.816	VDW
7z9e	A	264	 	L	H	0.085	24	7	-1.136	-0.789	H	-1.019	-0.987	-1.505	1.266	-0.912	A	268	 	G	T	0.583	4.0	19.0	1.224	0.531	L	-0.384	1.652	1.33	1.045	2.064	
7z9e	A	24	 	C	G	0.2	11	16	-0.802	-0.818	H	-1.343	0.465	-0.862	-1.02	-0.255	A	27	 	E	-	0.129	19.0	14.0	-1.212	2.164	H	1.357	-1.453	1.477	0.113	-0.837	HBOND
7z9e	A	35	 	I	E	0.0	23	21	-2.301	2.991	H	-1.239	-0.547	2.131	0.393	0.816	A	55	 	S	E	0.0	24.0	18.0	-1.079	2.489	H	-0.228	1.399	-4.76	0.67	-2.647	VDW
7z9e	A	101	 	A	E	0.151	15	12	-2.404	2.634	H	-0.591	-1.302	-0.733	1.57	-0.146	A	113	 	L	E	0.0	16.0	20.0	-1.912	2.19	H	-1.019	-0.987	-1.505	1.266	-0.912	HBOND
7z9e	A	223	 	L	E	0.098	21	22	-2.751	2.735	H	-1.019	-0.987	-1.505	1.266	-0.912	A	256	 	T	-	0.176	21.0	20.0	-1.451	2.562	H	-0.032	0.326	2.213	0.908	1.313	
7z9e	A	139	 	A	H	0.755	5	9	-1.149	-0.986	H	-0.591	-1.302	-0.733	1.57	-0.146	A	143	 	A	H	0.16	18.0	11.0	-1.177	-0.827	H	-0.591	-1.302	-0.733	1.57	-0.146	HBOND
